-3.305966653950226,-0.2656994541547968,4.69949785552245,-0.7418250519973677,-3.317219828685216,3.4350408742440717,4.452327980025521,2.6160607043154007,-4.832945556419991,3.1346852332267456,1.176505373738248,-0.7151288549008215,3.721316229690233,0.22502505351371216,-2.383578112060336,2.8936944988426463,3.682791393830273,3.8301792311193914,-2.876643577712321,3.4800209471969,3.430305295776744,-3.9455424160959556,2.7969820876744365,4.800488770058466,-4.420065726360157,-1.7401087900894927,0.44628852779485384,-0.8088710706949769,-0.07575156305958843,1.469266983434134,2.280113805921813,4.36175536869346,4.610124875693085,-4.8179741772497255,-4.130995212531085,3.340425034634766,4.717539827985599,-4.424075654024407,-1.0311293885911532,4.966510246868671,3.7747597476119807,-4.610995640196612,-3.2920903074388557,-0.716755364076026,0.057312790891916876,4.065967717935404,4.647366088056097,1.1042370703710576
numHidden 	5
numGenes 	48
minGene 	-5.0
maxGene 	5.0
popSize 	200
maxEvaluations 	20000
mutateRate 	0.05
mutateChange 	0.01
seed 	1523831207331
random 	java.util.Random@6193b845
neuralNetworkClass 	class coursework.ExampleEvolutionaryAlgorithm
Training Set Training
Fitness 0.049290210274846445