2.3981021964587006,0.9686261566981602,-3.049607387719334,0.9120547245803645,-4.405429489602582,4.279712879663981,-2.04779627819057,3.963436343564389,-1.6178950413908308,2.316667468988003,3.6146068135079936,2.006613970845102,-1.615887947193312,-0.6040819974296581,-3.387447832272123,2.0377405660139685,-0.5908220023156621,4.751177768419431,-0.43037592901107247,3.7184650697268538,0.5133916834817038,-3.590832294983526,-4.856328232232577,-1.474938332193979,-3.4886487357126583,-2.160014075220702,-2.0025356644926156,0.8502867055981058,-1.8991604537025808,-0.27730132549696807,3.243429291426464,-4.468412418747069,2.9312614967520947,0.9421524153968635,-0.8370052020378314,-0.7246865019605984,-0.9813431485958055,0.34768783721487373,4.899529015285184,-0.004175542421175571,0.5213025375899873,-0.4617286724416285,-4.8167430730663945,4.580816123210571,1.8310015727762092,3.8248089875729665,2.972951063808557,1.8004748927910923
numHidden 	5
numGenes 	48
minGene 	-5.0
maxGene 	5.0
popSize 	200
maxEvaluations 	20000
mutateRate 	0.05
mutateChange 	0.01
seed 	1523831207331
random 	java.util.Random@6193b845
neuralNetworkClass 	class coursework.ExampleEvolutionaryAlgorithm
Training Set Training
Fitness 0.07735522873491474