-2.6476782506090757,0.1888955491293709,2.7665096663899673,2.2335559477075666,2.959984336684924,4.222767997381014,-4.7685374956018105,1.9820983104507703,2.8382179432362307,1.6231921912525387,0.1961892211402374,2.6522638802871157,2.615190160737936,4.253741533478161,-4.292002240990621,4.169008985822719,1.3817928900277467,2.0148034003892015,1.972368136052721,-1.804230563519902,0.026126480511737604,-3.515177825612473,-0.3058605924048363,-2.575882245041705,-2.8676049220815116,0.02465994037696962,3.9082723365180776,-0.2656012842607849,1.0062468806549012,3.7118119499003708,-3.5283926140446473,3.9076202884243862,2.358180352704519,-1.7846434585627948,-4.625488839494257,-1.0281564774477536,0.9824325636316797,-4.30192656063177,3.6048091907395534,1.1243581675383947,-4.911694937861867,4.478012830290645,-2.5144079410258238,-3.590006982953229,-1.0838688588620304,4.017658614849774,4.3523373131940986,2.0019512890022133
numHidden 	5
numGenes 	48
minGene 	-5.0
maxGene 	5.0
popSize 	200
maxEvaluations 	20000
mutateRate 	0.05
mutateChange 	0.01
seed 	1523831207331
random 	java.util.Random@6193b845
neuralNetworkClass 	class coursework.ExampleEvolutionaryAlgorithm
Training Set Training
Fitness 0.0913586147053337