4.546860022989092,3.836481668321545,1.2437547943398464,3.377938384397938,2.863310177799783,-3.1606850873506254,-4.39130866207495,1.191644172368691,3.292503082984382,3.351789785370457,-0.6805371179180322,2.5600204955466124,4.345619718250889,4.33367345542289,2.086918468759891,1.5107432682383044,-3.609566762023945,-0.0579945626787557,0.8610949423474581,4.490021743262533,-4.493260046761115,-0.8052260394467741,-0.7641390344712364,-2.619732646005062,-4.529714581791282,-2.576923053334393,1.0494074884286064,2.5564688861834934,-0.5532204442971176,1.2275436490987894,1.9051016391008773,2.4227795871080984,-0.7665984491257918,4.924681953632929,-3.8107553971730033,-4.595733751413789,2.323093755483498,-0.4060220784025643,0.034834981561293395,2.1147960492093105,-3.7774961243312983,4.154565224927831,1.037463963426739,2.248707989455756,4.735773801531469,4.485514950145962,1.0417901436917114,1.6117348511023513
numHidden 	5
numGenes 	48
minGene 	-5.0
maxGene 	5.0
popSize 	200
maxEvaluations 	20000
mutateRate 	0.05
mutateChange 	0.01
seed 	1523831207331
random 	java.util.Random@6193b845
neuralNetworkClass 	class coursework.ExampleEvolutionaryAlgorithm
Training Set Training
Fitness 0.03993878466889226