0.22718881645991118,2.5241380813371217,-0.6799766646447292,2.5453178105448853,3.6424949802084274,-0.9961403012682171,-4.209521760935491,-3.8222313380881054,4.71197439303641,-4.63961956335524,-2.476134102659484,0.22224559478236294,-2.006334114488757,-0.01768215331204747,2.704083533048159,-3.5543893629187395,-0.6507855908038722,0.8645835593449016,4.309396576249123,-4.328113961611181,4.6205265761956955,-1.7784317730567,0.5504647225940387,-4.434454715566786,0.7922916489837597,-0.7574178580450202,-2.5968388975803918,1.9871344768497714,0.33728893325336506,1.247097332241024,1.656015831848516,1.5922904162741434,-2.893759674057546,1.2191700752023982,-1.2134771546348566,-3.94108170869119,-2.218088851843265,1.5310176759181482,-1.6087936473623088,-1.8282598264971215,-2.436150288910333,3.5519717070421404,4.939636054545604,-4.889138016108636,-3.1925578980247504,1.5078972075112393,2.3929552095066224,-0.7231370848537835
numHidden 	5
numGenes 	48
minGene 	-5.0
maxGene 	5.0
popSize 	200
maxEvaluations 	20000
mutateRate 	0.05
mutateChange 	0.01
seed 	1523831207331
random 	java.util.Random@6193b845
neuralNetworkClass 	class coursework.ExampleEvolutionaryAlgorithm
Training Set Training
Fitness 0.06072998898347487