-0.963668248681687,-4.886837009995441,4.235207104694904,-4.345131567242142,0.6958529421644934,4.788050546984737,-4.390623993849823,-2.0911707720294905,4.91204728832124,-3.9991208043581397,-1.5434601862902089,-2.748849856138361,1.2922085922721906,-2.795760635175294,-0.3661109017113904,4.739460188304914,-1.9329255219680466,-3.322374432687699,4.6190732261182,-2.5226171511096327,-3.6208735055242705,-2.2648889310777127,-0.8401574759211583,1.1663017518849477,4.5626288732971325,-0.45026716124623034,1.8337923234534539,0.6060424036641523,0.6287836719181412,-1.2566576803857643,-2.6222311269640244,3.083876938569409,3.7220560706756824,-1.8231025871774065,2.499316876964035,-1.268169777127258,0.655611569682792,-4.753399810227739,-1.4115412632764865,-1.822417780415898,2.251282102529246,1.0244826674442162,2.3430273005821673,4.457813389648649,-3.8822784123229552,2.1922483308290515,3.4243672157834713,-0.31763577778517305
numHidden 	5
numGenes 	48
minGene 	-5.0
maxGene 	5.0
popSize 	200
maxEvaluations 	20000
mutateRate 	0.05
mutateChange 	0.01
seed 	1523831207331
random 	java.util.Random@6193b845
neuralNetworkClass 	class coursework.ExampleEvolutionaryAlgorithm
Training Set Training
Fitness 0.03426680954153088