-2.024112406870038,3.1719114845321847,0.945987201550947,-2.0743787231198105,3.2952490529299503,0.4093757921380723,4.406674194311652,-0.15347390375137682,4.72909352848375,2.091581373036254,4.244880985080423,-2.75149298221266,-2.44045802574738,-2.5047403414263156,4.775826086145861,-3.9888026341502867,-1.97096513088304,2.3436697425384168,1.9020141202269905,0.05196152039592761,-0.47799578287166966,2.4355395140286884,4.5103592254026115,3.7854488086635776,-2.5552260170070196,1.9187633392927914,1.92000710242589,3.2885846845697717,0.03821803348238117,-0.3314785697627354,-4.603660961588383,-0.9322379021261575,3.6686605096993787,-1.046075305136692,-1.5935725797800657,-2.0212095815555706,3.2719188070338205,-2.3986435289305352,-0.3612469501119939,-1.2415580244995983,2.239347220655934,3.7431651579431406,4.279576178427991,-3.3049923853306793,2.0253693879640036,1.3424351703127078,4.75695570084336,-3.150827050432059
numHidden 	5
numGenes 	48
minGene 	-5.0
maxGene 	5.0
popSize 	200
maxEvaluations 	20000
mutateRate 	0.05
mutateChange 	0.01
seed 	1523831207331
random 	java.util.Random@6193b845
neuralNetworkClass 	class coursework.ExampleEvolutionaryAlgorithm
Training Set Training
Fitness 0.09528978733386104