3.564746642797372,-1.8104055619621964,1.2216530604312539,-3.550408597302809,1.2428900205731874,3.9118378671477316,3.8885692387874276,3.4907841932982144,1.4117388885848143,-4.345109873539568,2.226243531621307,-1.2051480347157384,0.22265315606658276,0.5881182558465325,0.8814849058062659,2.1054277467318467,3.511754060248821,2.0278908250393926,0.07492110440946131,2.573630775377799,-0.5047227498753335,-2.9729645491791077,-1.9497743472475202,-3.1373407500894093,-3.848836688987076,-0.6736889351865383,0.0054132889647153706,2.528532275290617,-4.76434777392924,1.113034864135578,0.027116804400647572,-4.116881160260849,3.392568748683594,-2.934928583095953,4.794196258183559,4.107549406030609,1.4815817563703537,-1.6782083778916024,-0.010506135556422649,1.901686220914077,-0.4045726702275867,0.0411436474696103,2.7730855776414742,-0.17350447305286476,-0.8483585312396567,2.0066920510280792,3.486283022030017,0.18358578375484047
numHidden 	5
numGenes 	48
minGene 	-5.0
maxGene 	5.0
popSize 	200
maxEvaluations 	20000
mutateRate 	0.05
mutateChange 	0.01
seed 	1523831207331
random 	java.util.Random@6193b845
neuralNetworkClass 	class coursework.ExampleEvolutionaryAlgorithm
Training Set Training
Fitness 0.04295426373001256