4.636961545362963,4.9984797160258125,3.0547815636592155,-1.4040950945755002,-0.5449945505135201,-4.864127548830467,3.142226120990733,1.851572481944502,-3.755062265877772,-4.564914789040585,2.2440458735620217,2.0298440071786565,0.9036966238695097,-1.318403922515855,-1.8137268411847796,-4.084721883848609,1.0517757453325949,3.3681236025244186,-2.924634696760323,-3.5051937714800916,3.182812228291459,-2.324204576023659,3.7046330183841043,3.208481978168388,3.1436059240851826,0.451819377872825,0.6641730584916481,-0.36789982601008697,-1.5217029750910582,1.146208886945322,4.7137853299010555,-4.930322902444787,-3.972397666776102,-0.2557294238016632,-4.7257449319247815,1.0788239197922478,2.407235338323522,-0.9156048962619696,3.5875691058085177,3.7200548262589486,2.203117610539894,-4.8075272398115985,-3.0150149629955134,4.4566390128603555,-4.3011148118490015,3.1134098156493923,3.130787143780646,-0.7305720734806345
numHidden 	5
numGenes 	48
minGene 	-5.0
maxGene 	5.0
popSize 	200
maxEvaluations 	20000
mutateRate 	0.05
mutateChange 	0.01
seed 	1523831207331
random 	java.util.Random@6193b845
neuralNetworkClass 	class coursework.ExampleEvolutionaryAlgorithm
Training Set Training
Fitness 0.029682938348111376