-4.808124053808612,-2.4189686560895316,-1.7278343278448896,-2.8488799539954326,3.8120248804833903,1.8999099161841322,3.8322525705162,3.3657652171091463,1.8589827381258726,4.6940864311414465,-4.622426148130195,1.7834947351963264,-2.7531381438446774,3.3730394911436026,0.6394573612389542,3.148576941468894,-0.9971459064010841,3.592292832093042,-1.3403572739753444,2.0700526666004313,-4.400311822011552,4.702282535139281,-2.7493047717750643,-0.414227666112863,-3.349778700127134,0.21679369634696766,-1.4019248018812966,1.5962056282617234,-3.066352623985839,0.15801911643076316,-3.1886711189138333,1.528593701472328,4.239203185985701,-0.07399891625425337,-1.153618887737774,4.622809509991171,-2.7165563457308846,-0.6408744601540377,2.8240697904397667,1.0403562886876483,1.5627475673647846,0.8408547094068064,0.12650755291037985,-4.42626950004218,3.904716577775474,2.7722687417301097,2.8079929910545607,-0.7129295763958283
numHidden 	5
numGenes 	48
minGene 	-5.0
maxGene 	5.0
popSize 	200
maxEvaluations 	20000
mutateRate 	0.05
mutateChange 	0.01
seed 	1523831207331
random 	java.util.Random@6193b845
neuralNetworkClass 	class coursework.ExampleEvolutionaryAlgorithm
Training Set Training
Fitness 0.053473018498579786