-1.1565110110538854,-1.1285037300762983,2.2996647711701224,8.344723984133523,0.7301918480375708,6.718773715543756,-4.756695863982797,-8.783602217364587,2.4780913340876904,7.6486946282598,6.64976686818133,-7.295820743169652,-8.06401206431098,6.499223946875718,-1.4595402969724742,8.419571634201949,2.791318460943396,-3.1392882813083345,12.018137840166693,7.759215324053158,3.4628974467783196,1.7658504900990488,-4.881746993581464,3.1838882971754843,0.29350614433756106,2.87319002978026,0.40862685116938235,-4.375643634508731,-0.5253846166135292,0.05065514772191215,0.16071537609759934,-6.406941962725269,8.10311099297729,-3.2987815597888956,-0.235447654917454,1.8075662760950064,-4.860037857001984,-7.088915254985576,1.2707982226376928,3.741217761086761,-8.146642931520224,2.2214388423308358,-7.502863784698097,-4.871742688041814,6.463906135025381,-3.0719783078618637,-1.8474008959664658,-8.434703002799496
numHidden 	5
numGenes 	48
minGene 	-5.0
maxGene 	5.0
popSize 	200
maxEvaluations 	20000
mutateRate 	0.7
mutateChange 	0.86
seed 	1523913566901
random 	java.util.Random@6193b845
neuralNetworkClass 	class coursework.ExampleEvolutionaryAlgorithm
tournamentSize 	6
Training Set Training
Fitness 0.011684588487695687