-0.5865022206550833,6.123906517207095,-0.311010001844361,5.1834838364472295,-6.197902865816931,4.186138510538985,0.3027450886415627,-13.98658224333437,1.1217136350432608,-2.6841644491260217,-7.3661690251670136,-5.56300547318577,-1.9237996023430943,7.595518316419274,-6.9723265597671436,4.964515352831526,-0.7306820301727067,-12.91644527204532,1.5678680219134455,6.369004924310793,-2.8720461682045313,6.66857267572974,-1.816531298167006,-3.8752236716034534,2.0290832164888863,-2.6241305144652696,1.1813521487085676,0.47370686764454706,-6.997074179126908,-0.28530840165616567,-5.552755123515263,-2.322946478546645,3.1751422991742575,-2.0537121882723244,-5.2243603559021325,0.4978965036688131,9.413804851905413,1.3561370673002449,-7.2620312498880155,-0.3209329971452689,-1.0377319505654556,3.5097854141205445,-7.799955766210295,7.6536815077934826,-0.11304402297672933,-5.459770323990243,2.6139104836453697,5.750168479901539
numHidden 	5
numGenes 	48
minGene 	-5.0
maxGene 	5.0
popSize 	200
maxEvaluations 	20000
mutateRate 	0.7
mutateChange 	0.86
seed 	1523913566901
random 	java.util.Random@6193b845
neuralNetworkClass 	class coursework.ExampleEvolutionaryAlgorithm
tournamentSize 	6
Training Set Training
Fitness 0.012432212707190617