-5.567122336880892,6.155311889520164,-2.931403029056272,-2.1386920267409306,-7.285733118652374,5.148091340380032,-4.543868720171671,-1.2297567344109002,-7.379205216827702,6.987334773272507,0.3243400622139804,6.1131146902155695,-4.462707253896497,-2.641649831611619,-5.304135852360257,3.2360528341482895,-0.8791507444204884,1.751661177110531,-10.148640220789202,-5.817913999497094,13.226843164013022,-5.904801711538927,-2.485387647223708,-1.624580030763795,-8.71047373064866,-4.557100056925047,-0.23298353296378482,0.4858980707188272,0.3810263227183003,0.712281786161851,-0.9934190368904113,9.891551302314948,1.58584253336257,4.089865442458659,-3.368930196199614,2.924733460916741,-0.9763904918237637,8.572184202561381,1.8318445013672315,5.717407094942863,-3.4688912338085047,-11.318590122114575,-3.045573569344999,4.393727382594084,1.7952096547229108,1.4684745989759889,-2.9062507479028623,3.3131513452711414
numHidden 	5
numGenes 	48
minGene 	-5.0
maxGene 	5.0
popSize 	200
maxEvaluations 	20000
mutateRate 	0.7
mutateChange 	0.86
seed 	1523913566901
random 	java.util.Random@6193b845
neuralNetworkClass 	class coursework.ExampleEvolutionaryAlgorithm
tournamentSize 	6
Training Set Training
Fitness 0.019777637145085788