-7.522883465204381,1.1161511260899357,-10.025207400764458,5.165204184156506,0.47286277015617084,-0.36338607440281634,-7.01225272738156,4.7774839689771165,-8.853439798921638,7.9471840270412555,-8.802461018325486,0.5350026403658948,4.578318619930924,7.586652357749331,-10.945728258847566,-4.845274967425601,-15.599611063767975,2.7035108543387247,-0.12143868178007877,-1.484543263297907,0.5855329095833061,-2.6865262674145725,-4.430630026347354,2.7550505484747476,1.8944203996856914,-0.5482577402721794,0.44306583148012346,8.158307456957093,-0.8900182650425456,3.773109140420471,-8.189738375042742,7.80512024908571,-6.847977313474861,3.3990204826643207,-1.2113742662339986,-8.589335285379347,-3.856689658230516,-0.7307782971167577,-4.40599313778093,4.344215121259318,-4.55127958689536,-2.573367051214417,-0.6711551562117809,2.700425185526929,4.1319344659203425,-3.6523850874068526,-0.26401257887403895,-4.023321890962358
numHidden 	5
numGenes 	48
minGene 	-5.0
maxGene 	5.0
popSize 	200
maxEvaluations 	20000
mutateRate 	0.7
mutateChange 	0.86
seed 	1523913566901
random 	java.util.Random@6193b845
neuralNetworkClass 	class coursework.ExampleEvolutionaryAlgorithm
tournamentSize 	6
Training Set Training
Fitness 0.008427176650714902