-2.166474405435731,2.4581595767350706,1.778652422699187,-1.2329351349678719,0.9104906380077862,4.49471969799747,2.6435474604840588,-4.953033129156062,1.5060942803005322,4.774405012933542,4.462764638795852,3.0767424071561464,0.8479621797325638,1.1320944496249545,-4.798499705923386,-1.9576248127570617,0.6012257649809294,-3.4963334936563104,3.160574979495559,0.26845417253739345,4.999793490507891,-0.01057591328528762,4.458244693684753,-2.8504678693757324,-4.1313137781487566,3.486181617520268,-0.13831668350431237,-0.28686905145493036,1.2465562719491636,2.49380775597018,-4.0637925695471955,1.6666150959014487,1.988299714104656,4.217460306787526,-4.1974981486828895,-0.8382209885609797,4.336360617690996,1.1320765020525965,-4.898589777791446,-0.41174974163419087,-4.2019880870833255,5.026428616055594,3.510798569767706,3.0397857622554163,1.6004005351663846,1.9048914563800121,1.634801796940554,-0.37187880738936735
numHidden 	5
numGenes 	48
minGene 	-5.0
maxGene 	5.0
popSize 	200
maxEvaluations 	20000
mutateRate 	0.01
mutateChange 	0.05
seed 	1523869108903
random 	java.util.Random@7eda2dbb
neuralNetworkClass 	class coursework.ExampleEvolutionaryAlgorithm
Training Set Training
Fitness 0.0727159640225766