0.8486007597430181,1.314430496777085,-2.891479080710355,-0.17046940162003993,-4.178103334412679,4.8608130811787795,-0.29919000836945564,4.508403531267975,-0.21353892168061606,4.258441288812188,2.671606976258989,-4.429844942215563,-2.060780308093193,0.1474638878872394,-1.441044960028397,2.336814670480911,-0.3240781269669039,-3.8556644856771305,0.40079741144018755,3.407357318406488,-3.8743937417493024,-4.998678141338938,-4.525419315279141,4.598158050715128,0.5666463876315753,0.5344096187052649,2.4483458445882276,1.4139892506836693,3.5114636678117517,-0.9391784951631907,0.8195537266955686,0.3876280386039335,3.668652979294473,1.2958252600243778,-1.2670713292005131,-1.5563203749019872,-2.6940266021929182,2.0677329773276965,1.1131217357364172,-3.730697442642424,-1.0105244581675175,-1.058688106934179,-4.975987727688055,4.465631435825454,3.5014621934858585,4.419109343306575,3.4908339525224212,2.558196210929097
numHidden 	5
numGenes 	48
minGene 	-5.0
maxGene 	5.0
popSize 	200
maxEvaluations 	20000
mutateRate 	0.01
mutateChange 	0.05
seed 	1523869108903
random 	java.util.Random@7eda2dbb
neuralNetworkClass 	class coursework.ExampleEvolutionaryAlgorithm
Training Set Training
Fitness 0.09866752250287728