-2.4886133975327764,-4.782759904855377,3.1382200376382823,-1.6406000777436003,-4.185390626504355,0.907250323557367,-4.629675191885407,-2.532387878553508,1.4542047624816146,-4.49566162949181,1.894683848070727,-2.3614161611906326,4.775581236906366,-1.9319477991286194,0.463036196107489,-3.1502693476239396,-4.515785697341405,-2.8403654078702134,3.5965780847394653,1.5542041502107748,0.4650746618807453,1.9561289887246485,-0.8251057168617344,1.6583236994762949,0.9786164880418369,5.022046667064991,-0.6206361721947911,-0.2360853172742502,-0.18599276771146922,-1.8463713398580337,-2.809123193690591,-2.1277563750579787,2.5913029812444224,-2.73304918494674,3.8489201425034896,-3.280393448520287,4.952891107518521,-4.324616930466463,-0.16382040103452233,0.2390407439742983,3.6788756020412787,4.392402180641355,-1.0608937973483157,4.847828462578823,2.855630457965921,1.2722432849307541,4.4015484111211824,-1.1722061275512108
numHidden 	5
numGenes 	48
minGene 	-5.0
maxGene 	5.0
popSize 	200
maxEvaluations 	20000
mutateRate 	0.01
mutateChange 	0.05
seed 	1523869108903
random 	java.util.Random@7eda2dbb
neuralNetworkClass 	class coursework.ExampleEvolutionaryAlgorithm
Training Set Training
Fitness 0.00944092244228499