1.509922079314614,0.8012091414386655,2.6916941372191117,-3.480251505308601,-4.809122402700769,-4.621603058589985,2.4162233279973764,-4.24493360002244,-3.392809726493482,-4.073480444663863,0.45239947693882865,4.572627670884747,4.684148682520814,3.8412769880389135,-3.82009911405357,-4.26358581007869,-0.3034985781939339,0.9210807990837742,4.053404883199686,1.9518270580427666,4.259819500723317,-3.328647935125707,3.218413614907181,-0.8985730692180214,0.970166848472207,-0.5326505484101096,1.3621673954354367,0.07726330784370816,-2.7917724701857782,1.6009537545355403,4.072034130436095,3.4852034961662888,-4.797384236297522,1.0254508073306,-4.627348409493419,-0.7531344946075986,4.542818366282761,-2.518910402786342,-0.14367860616109773,-2.467651596403151,0.2954641154988547,-0.9818156633416883,-4.862792243127134,3.7429722902164153,-0.9576998270410009,2.8860788807834856,1.8882340962463708,0.1291195983518687
numHidden 	5
numGenes 	48
minGene 	-5.0
maxGene 	5.0
popSize 	200
maxEvaluations 	20000
mutateRate 	0.01
mutateChange 	0.05
seed 	1523869108903
random 	java.util.Random@7eda2dbb
neuralNetworkClass 	class coursework.ExampleEvolutionaryAlgorithm
Training Set Training
Fitness 0.04689787266705772