-3.800621423430517,-4.956515575026806,-3.9092822713158726,4.683997939207423,1.996846388684964,-3.601335063932929,0.9626242443909696,2.9896339348464585,-2.1073193306023965,-3.403392991578932,-4.0528107389878745,4.084302427933629,-3.385699702133099,2.744170301899084,1.573134550535701,1.3848007129890396,0.9731727462611248,-1.9683827898561446,-2.45024054259374,-1.6238888102630957,0.5030108975502472,-4.039371613905018,-3.6115614039339086,4.162617772489835,4.400816208264057,1.8599507645094437,2.055251258769795,-2.50927984633304,-0.6416996428076684,-0.9618845773348834,1.4383183768780148,4.848424356873254,-4.724741675298773,0.19061440594431467,-0.8014971504629607,1.9423195543600138,0.6258316981504022,2.0958245554857013,2.381787360482239,2.9919470806064297,-1.1739196363731486,-3.698285199381485,4.551730964130176,2.4190213353756738,-4.524362501450155,4.253155349248147,1.9550223526083697,1.86197795358919
numHidden 	5
numGenes 	48
minGene 	-5.0
maxGene 	5.0
popSize 	200
maxEvaluations 	20000
mutateRate 	0.01
mutateChange 	0.05
seed 	1523869108903
random 	java.util.Random@7eda2dbb
neuralNetworkClass 	class coursework.ExampleEvolutionaryAlgorithm
Training Set Training
Fitness 0.08096783308195885