-1.0180368840688627,-4.5821283178029315,1.6222874235935327,-4.718850715680415,3.37229343449388,3.4457593685404273,4.33799363454029,4.737058883531121,-3.3571752562346924,0.9864958270352435,4.898657612176782,1.019651954279718,-1.0819164430698458,-4.923751022644008,-0.7125818358812284,0.727517774357791,3.2258867372045446,2.902066385219597,2.797584906430515,0.048399600968961565,-0.6490120214302912,3.108544146167354,-0.9914106175669,3.194350114393341,-1.3179412234987375,1.350818926954478,-0.6551597959245636,1.6133045335618954,-0.30383627525996104,0.15047946515884014,4.567769623666591,-2.1799411945866867,-2.8608969157747155,-4.929179530417613,4.4685904443981315,2.7883071737060643,-2.131055374248504,0.5840066180508572,3.9853692246103396,-3.4233850183137333,3.6433274627665204,-3.2008417749475484,2.704785064903078,3.8942837170688787,1.8105325943326296,0.1377188582681601,0.5015807278459885,-1.9699876210021197
numHidden 	5
numGenes 	48
minGene 	-5.0
maxGene 	5.0
popSize 	200
maxEvaluations 	20000
mutateRate 	0.01
mutateChange 	0.05
seed 	1523869108903
random 	java.util.Random@7eda2dbb
neuralNetworkClass 	class coursework.ExampleEvolutionaryAlgorithm
Training Set Training
Fitness 0.05667670140239812