3.3766530485855224,-4.7402201991848525,1.3274573728534982,3.962156983315671,-1.524098808365466,-3.338276840246721,-3.4215997873330073,3.2626894083227214,3.0996045637764205,-4.319152022126405,2.7225305975470526,-4.676933649673119,2.844991156926932,-3.90926838617649,-2.336144091856381,-1.0923995809555256,-0.03203934848567336,-2.2560258701535174,-4.88302143350076,-4.913057040361364,4.928581985362725,3.1953213488311984,0.620377156412965,4.362615127671864,4.295240742672327,-0.8251056454658776,0.2656459901418035,3.888598113117067,3.066442711650776,-0.5907687569623234,2.653409580613171,-3.7733442556547656,-4.831778165479927,2.7258224883840034,2.198057873559959,-2.2238086877846133,-1.1318321583631263,-3.5569806700528126,0.5062619249107216,1.7747801042900146,0.3034862314681364,3.4877929040229887,3.979009675525422,2.791856442855013,-3.9369799307875364,2.226468193034097,2.867743178910686,-1.526483627836667
numHidden 	5
numGenes 	48
minGene 	-5.0
maxGene 	5.0
popSize 	200
maxEvaluations 	20000
mutateRate 	0.01
mutateChange 	0.05
seed 	1523869108903
random 	java.util.Random@7eda2dbb
neuralNetworkClass 	class coursework.ExampleEvolutionaryAlgorithm
Training Set Training
Fitness 0.08636665623481357