2.792684870761562,-4.78215548104316,0.9993019041487292,1.7143111898497034,3.4974621853468584,-2.8727542792669505,-0.4935788014669651,4.408306759875726,1.085160853539568,-3.011987721865264,-1.0176517187631449,-2.4260359367385265,0.9978975208747398,4.487807468625249,4.494877955188777,1.541158975628834,-2.8697043813011867,2.5543868185655487,4.338561371931063,-4.5894541593700335,-2.2146209358562032,0.42188477908754507,-2.6829397144797107,3.1260603642097777,2.1001252003214663,-1.065595657038798,0.07167565490202961,0.06896224234989212,-2.0599904473806987,-0.6213855645000901,2.01539355935766,3.0427310782695702,-2.729527943111767,-3.5486492391838764,0.13168669935409677,0.8975349348828949,0.08016621138169366,-4.071924656972917,4.488097584295662,2.312044342536346,-1.230534405272261,2.244675564913906,4.040377776210708,-2.26533117947333,-2.6613656199116518,2.510981904325316,2.4369730499905424,-0.7915446920622244
numHidden 	5
numGenes 	48
minGene 	-5.0
maxGene 	5.0
popSize 	200
maxEvaluations 	20000
mutateRate 	0.01
mutateChange 	0.05
seed 	1523869108903
random 	java.util.Random@7eda2dbb
neuralNetworkClass 	class coursework.ExampleEvolutionaryAlgorithm
Training Set Training
Fitness 0.03506933666408174