0.6282977294891146,-4.46575307054921,2.931043005246927,-3.474553072069846,-0.9752915234771393,-4.778859136749925,-1.9630921058583315,-4.3748473204124085,4.452053586768582,-4.493422217356526,0.09383680459909804,-3.4822456358260325,4.513422868698328,-2.970811220721555,0.05997976867403469,-3.574276547835642,-1.7530674129197332,3.3239900106260567,2.0437291991927555,-3.3409738741871022,1.198644842617023,0.42080135922732625,-1.048339406917116,-3.2222242215681343,4.232362975252835,1.5096601764236093,0.2508218778126201,2.33707190157999,-0.8208406964904247,-0.5265111858965827,-0.76494390939604,-3.485444434716405,-4.381286122595145,-3.923059012529806,4.606529439914892,-1.7754882474411424,0.3984254088421668,-0.9495980798907191,-1.2077282406211651,-0.5838565669058458,2.2400313081766257,2.8616742078844837,3.911210775350739,3.044182653686766,-4.82079049344359,2.16109985062271,4.681686756260377,3.509763777734408
numHidden 	5
numGenes 	48
minGene 	-5.0
maxGene 	5.0
popSize 	200
maxEvaluations 	20000
mutateRate 	0.01
mutateChange 	0.05
seed 	1523869108903
random 	java.util.Random@7eda2dbb
neuralNetworkClass 	class coursework.ExampleEvolutionaryAlgorithm
Training Set Training
Fitness 0.033025417931385456