4.394736808238942,-3.989727355323219,-2.2302366958312234,-1.8075864557629373,2.409122712210432,3.038145689091076,-2.148860318952483,3.22469081897475,-0.5749534675886094,3.62993493896618,3.040801598876799,-1.0645845044173519,-1.2966962938915607,-4.53910840417538,1.6122219844345647,2.3302637871922425,-1.7892780008923168,2.156039436734872,1.557877738364998,-4.226990421359442,-3.937387274191322,3.429296677861064,-4.3816631791380845,2.526979530915746,0.4549536908864013,0.9064660859493125,-2.766828970245937,1.5875157015438788,1.2365102398431755,0.5325534489743387,4.943727228981912,-3.5202465165914587,0.14553471659927197,3.811860949986988,0.6893181137535533,-2.4226937606850996,-3.8362225140441475,-0.8908262047396285,4.9752891735082905,1.2682777281459146,3.862482987412543,-3.337871539376369,0.9723806148307492,-0.4745541104708824,0.2959539743839299,2.6915150124411067,1.574315028908142,-2.532285665266941
numHidden 	5
numGenes 	48
minGene 	-5.0
maxGene 	5.0
popSize 	200
maxEvaluations 	20000
mutateRate 	0.01
mutateChange 	0.05
seed 	1523869108903
random 	java.util.Random@7eda2dbb
neuralNetworkClass 	class coursework.ExampleEvolutionaryAlgorithm
Training Set Training
Fitness 0.07489037967660729