-2.828345525305955,-6.337736318317766,-0.13067732194614456,8.017760958575087,5.180428148236474,-5.513156838310095,2.092794959144472,-14.021210261521809,6.529459719622309,0.0359715769189044,0.3543642589098436,-8.153147048772269,4.740029241902795,7.580476089892312,3.433607768767957,-1.6058445888546413,7.555425201573134,-16.09555070495931,0.3406076515402485,-3.9443165802770506,4.639144038979869,0.1429408999107873,7.303423193823927,-2.1586397496731267,-1.6931183218058834,5.695839367559404,-5.483893455618909,-2.448809288990133,-1.9040061578921854,6.04999470024997,2.869098210948545,3.552667087450754,-9.666954146647095,4.961711769832194,-1.7879582158517722,2.5610510772306605,-6.360457371825361,4.6543275297985005,-4.470232263837576,11.66696699656267,-10.842138118359674,-2.049343399464627,-2.7346118774553254,-9.43793543791038,3.943884919513934,8.907672093592488,5.640157980113437,6.1223517617642775
numHidden 	5
numGenes 	48
minGene 	-5.0
maxGene 	5.0
popSize 	200
maxEvaluations 	20000
mutateRate 	0.7
mutateChange 	0.86
seed 	1523913566901
random 	java.util.Random@6193b845
neuralNetworkClass 	class coursework.ExampleEvolutionaryAlgorithm
tournamentSize 	6
Training Set Training
Fitness 0.0321475867092106