9.033844774164727,6.028510136490373,6.1785664391218535,-2.806773820379876,5.9951957887991885,-8.204275356741698,5.392253443117802,-3.5495550243714296,6.560321430429921,-0.2954549575557682,7.272619989594729,6.072762881547004,-0.34316176565896794,1.4587226103329405,-0.12936146790671788,4.288857907205361,-4.515814849692635,2.6985976497029087,4.839614110500118,2.02961228025889,3.823732597307774,0.07652711408406065,6.606774263208425,-8.267413472070267,6.283406198419803,1.6335670057332083,-8.554740017289548,-2.9086980464884227,3.3061915456200555,1.4822626908411363,8.687640761369343,-7.871248875362315,3.373531533422858,3.012672701031834,4.489970745621423,-3.9569166737423562,0.9087616506455597,-2.09649279926821,1.495794366691165,-3.4655820926704224,1.232374972950356,9.317540732564439,0.2023946697567499,5.655261958443697,-4.819954747550727,3.5502122748342724,0.2569772300458867,1.2730207406851997
numHidden 	5
numGenes 	48
minGene 	-5.0
maxGene 	5.0
popSize 	200
maxEvaluations 	20000
mutateRate 	0.7
mutateChange 	0.86
seed 	1523913566901
random 	java.util.Random@6193b845
neuralNetworkClass 	class coursework.ExampleEvolutionaryAlgorithm
tournamentSize 	6
Training Set Training
Fitness 0.04441622805970139