4.008022686979,-12.13118522072138,-4.502056599144635,4.178671842686368,2.2941138490632778,-6.156804198533686,-2.6526426766181075,-8.240101676681652,1.6797596034865876,5.298891317314116,2.843638969814238,-7.645052362700943,5.622461673652417,-3.936195963510712,5.139721507121479,4.2562315535861925,-0.5697792952618304,10.854357225013858,2.992270580132969,14.311381409035008,11.543187212608656,-0.7070629415548358,4.3945058059250135,3.8069245348959906,3.8642040464522784,3.6759589361570684,0.7137971463222231,-0.5438614551447378,-7.43239481250477,-0.5825779611461764,1.1551599130659018,1.7905128991316972,-0.7627211908053372,-8.474933067711937,8.179667025775583,0.9627560176495352,9.439147252515308,3.0910289824136994,1.567184171323833,-2.7096893311931924,9.839849065175573,-0.7238649130646418,7.985725370646307,-1.6981553539290304,5.902555338198762,5.836767299890391,5.415114949679442,1.6152100328400647
numHidden 	5
numGenes 	48
minGene 	-5.0
maxGene 	5.0
popSize 	200
maxEvaluations 	20000
mutateRate 	0.7
mutateChange 	0.86
seed 	1523913566901
random 	java.util.Random@6193b845
neuralNetworkClass 	class coursework.ExampleEvolutionaryAlgorithm
tournamentSize 	6
Training Set Training
Fitness 0.012551243973156306