2.556871811083691,-10.995587903979942,1.1297969148936597,-4.779342207814427,6.410386626706659,1.4739231806070596,1.1072597324284055,-13.936241197091771,3.099143673074145,5.871190288306466,2.126072318945547,-10.512634814548937,-4.785024153814846,-4.9144660653000285,-2.6651998992723027,3.695496734516357,-1.960944270222865,-11.470140476450691,2.1738069888226677,7.687809336336237,-1.9817566715845416,2.4069204863296942,3.741000238707169,2.2852309082153637,3.8824634039042887,-2.7307370454244984,-0.9582080910868894,1.009825475930196,2.0539572961305903,0.5535699729710076,3.529633979912767,-5.372082860699224,-7.891593795581875,-0.4701160712817497,18.758880228942658,-6.378474051885896,-3.130440510744135,7.398454312199834,-10.340385336366225,-7.7783137079092555,6.273139167164373,-6.72827674252029,2.984479492538835,-2.1017758761224115,-5.757562881003291,10.43622756206283,-5.509577412081045,3.714097349859947
numHidden 	5
numGenes 	48
minGene 	-5.0
maxGene 	5.0
popSize 	200
maxEvaluations 	20000
mutateRate 	0.7
mutateChange 	0.86
seed 	1523913566901
random 	java.util.Random@6193b845
neuralNetworkClass 	class coursework.ExampleEvolutionaryAlgorithm
tournamentSize 	6
Training Set Training
Fitness 0.022772311702706483