12.057693794178443,-5.814526728244675,7.801787425027935,-2.5992522706486634,0.9741679426053896,5.181970013726763,5.924469376009823,7.707254396706952,8.10218033578308,-8.193055726089067,2.7978340344256782,-6.634031747216566,2.907281494676485,-4.937373459942312,-4.478391918982215,-2.978503647140694,10.937369100138673,9.113209316529435,-9.096936305936815,-13.130341578481634,-9.962095348202814,1.9651000265573462,-0.9560159799763513,-10.206700950364523,-1.3148495884445595,-4.693819337601697,-0.7761860898262294,0.33457404659817613,1.6252623934893453,3.9969206259842913,2.6688918394501804,-0.7260597286774341,-0.3456795792136441,-9.890924397492597,4.421174441226239,7.19521214391754,4.174156421241502,-0.9569006306368485,7.815878918827425,-7.202299916406271,-2.3688984056387694,-0.6167153539927756,-7.334014053230539,2.9705726672004524,-3.630461024555427,2.890038949995513,-3.0074408986565917,4.211237510669474
numHidden 	5
numGenes 	48
minGene 	-5.0
maxGene 	5.0
popSize 	200
maxEvaluations 	20000
mutateRate 	0.7
mutateChange 	0.86
seed 	1523913566901
random 	java.util.Random@6193b845
neuralNetworkClass 	class coursework.ExampleEvolutionaryAlgorithm
tournamentSize 	6
Training Set Training
Fitness 0.01120283492033713