-2.7431991854349134,-6.882628646748958,-6.8215850443528305,3.409237791674808,0.6731173244922636,8.12359910913609,-7.591939035699617,1.3273929203792334,4.4421370299538205,-1.5153147973446264,-6.500318406523041,-1.4297193679000348,1.1349676046908184,-6.470828303042776,0.28100294276729787,6.782973824098821,-8.211601609848206,8.21512777406502,-1.156994161696777,-2.825884993072907,-0.9252320649225653,-1.1835570126986705,5.926057630989951,0.8981728037555773,1.0883251937081342,0.71596635204566,0.5549301000835757,-3.272007271488199,5.130691540100537,3.2547575805870568,-9.598727853447999,6.784445160616087,3.975598992867235,2.032404523991803,8.950949382776097,-5.133080219610737,-1.746841096784156,4.961581949817126,2.314977504440862,-2.932125402881752,-0.34350022693511917,-0.489283809898278,0.846613279893336,-7.48340400548878,1.678684063791113,6.301830540451835,5.013493627273304,-0.6982166926386467
numHidden 	5
numGenes 	48
minGene 	-5.0
maxGene 	5.0
popSize 	200
maxEvaluations 	20000
mutateRate 	0.7
mutateChange 	0.86
seed 	1523913566901
random 	java.util.Random@6193b845
neuralNetworkClass 	class coursework.ExampleEvolutionaryAlgorithm
tournamentSize 	6
Training Set Training
Fitness 0.01399887850208764