-4.230046567937584,4.490472388939447,-3.248921539060696,-0.22488285258905027,1.444298281811731,3.199293680240598,-4.191781183659999,-3.462097361976487,-2.8875500970928205,5.0020642330506355,-3.6465043917639823,0.5688476982845686,-3.137816454645037,-1.9330442306651465,-3.1125722434655607,-3.3703133007492605,-3.127103184935583,3.370713919895436,-0.3113391011753618,3.5642297616800755,-0.9181338875514766,0.09879059466690614,0.7025407489471833,-4.126870695367177,0.1559839115647504,-4.870414440003071,0.5655481666993261,3.6807461487318567,-4.596858772553996,1.7029183098920793,-1.2359939019125645,-4.644105701163078,0.13184871857225758,2.5428619924134153,-2.581545781771111,-4.484731602609829,3.54268537636258,0.8298632130930638,-2.667256620555787,-3.740220111616463,-2.8632652423357965,-3.9461964850517535,-1.9475513628481707,-3.9311989236840956,-1.8902086895500188,-0.530841378284738,2.0028315168627207,-0.305571889272711
numHidden 	5
numGenes 	48
minGene 	-5.0
maxGene 	5.0
popSize 	200
maxEvaluations 	20000
mutateRate 	0.05
mutateChange 	0.01
seed 	1523819966660
random 	java.util.Random@6193b845
neuralNetworkClass 	class coursework.ExampleEvolutionaryAlgorithm
Training Set Training
Fitness 0.14981288299677356