-3.720365034244809,3.6577817660196983,-3.9677785383652737,-4.010425941059992,-0.2889206502506685,3.16050107449599,-2.997272587732545,1.7786458261968843,2.544760897795202,-0.8507501482818595,4.572439492325202,0.5789629540038493,-2.6248916240488254,-0.5479083944980279,-1.782597975455475,-3.127547192300522,-2.236427213949243,-3.054512559017348,3.178667842294936,-1.936719439263892,0.9138971819964372,1.5570092443349293,-4.483077798670067,-0.27262203405127966,-2.068479574216073,1.003512473963544,-1.7960139974761768,4.62190075750921,-2.074090515283411,0.9636797900616885,3.4159667634291773,-0.12146010474638812,-1.7192516026784541,1.5967921913262433,2.525783129842203,-4.601721036141125,4.294111867843772,4.383673043784435,0.7198813671464326,-3.5874633752152354,-1.170323984226073,2.2886704825458493,0.7552645526589487,-0.018762822800909972,-1.129660448871499,1.7087998610382789,1.8345137103984912,-1.131748646284915
numHidden 	5
numGenes 	48
minGene 	-5.0
maxGene 	5.0
popSize 	200
maxEvaluations 	20000
mutateRate 	0.05
mutateChange 	0.01
seed 	1523819966660
random 	java.util.Random@6193b845
neuralNetworkClass 	class coursework.ExampleEvolutionaryAlgorithm
Training Set Training
Fitness 0.14250088252492216