2.014189139594227,-3.341275293348731,2.972577451759877,-4.957177271788726,-3.5837648987290107,0.24913425670620626,0.41573111200546986,2.2507078588211815,3.3864223524313033,1.1129543499940544,-2.577944537147908,1.8748640858854295,-0.83926941775605,-0.7728675907867766,0.6934816792361786,1.8448156586445377,-3.791087757902991,4.05682801979294,2.450786945102779,-4.881649742225135,-2.6442036621017717,-0.46953573213624455,-1.227675114063902,4.723776594816957,-0.6651455258989047,-3.062498424362665,-0.3375806257393501,-0.2787949340910876,1.679485795681714,2.062791369656537,-1.5874204096414224,-2.5759150841605747,4.444210193113037,4.481784431058589,-1.1378097155338018,1.714631967829762,-4.262609355798796,-3.6023247524005733,3.27819060789518,2.7903110421981827,3.854971628686289,0.15123815726439904,-0.0289966695800441,2.769942755345147,4.134149005517461,-0.7495008055567354,3.042511982190227,0.8742537656959648
numHidden 	5
numGenes 	48
minGene 	-5.0
maxGene 	5.0
popSize 	200
maxEvaluations 	20000
mutateRate 	0.05
mutateChange 	0.01
seed 	1523819966660
random 	java.util.Random@6193b845
neuralNetworkClass 	class coursework.ExampleEvolutionaryAlgorithm
Training Set Training
Fitness 0.1418363928943221