-0.2985556748580578,2.0573260765895522,-0.9342193866561672,4.61088069719165,4.318213934403136,3.387589107982537,-1.9492163653437224,-0.5747759538974129,-0.5273284383673983,2.440597671047178,-3.8018643035630606,2.2791644779018565,4.750990452695177,-3.5801483955639934,1.3321859864527976,-4.402587292985536,0.12071202612888143,-2.6865011880374823,-4.332061529081722,4.772569333891589,-2.8552234879545892,-4.188314104632847,0.8771440121375784,4.123925588238793,-2.9310584072846977,0.07086487300131787,-0.8862366638957351,-3.7087586307013947,-0.03799842951520116,2.111539123429149,0.47287378027822236,-0.25152239894450545,3.3135711238863177,-1.0832444884380479,-2.4480884414781645,-0.66127862133196,-4.9768833491304445,-3.9777711003855787,-1.8703529222901771,3.251917103599144,3.0679469796889336,-3.915603840149763,1.1205449557279916,-4.375844737054387,4.2800764686715205,3.5942480803288586,-0.9648525111579753,-3.1260595588850415
numHidden 	5
numGenes 	48
minGene 	-5.0
maxGene 	5.0
popSize 	200
maxEvaluations 	20000
mutateRate 	0.05
mutateChange 	0.01
seed 	1523819966660
random 	java.util.Random@6193b845
neuralNetworkClass 	class coursework.ExampleEvolutionaryAlgorithm
Training Set Training
Fitness 0.16662960782310082