2.6550745472111137,-2.0460791404669143,4.275380252073619,2.7475179369771086,2.3480430472261524,4.18562662205186,-4.971647039517814,-3.342011476460742,-2.6011882790321694,0.6053450157838731,-4.1269082165705955,0.041143430827907335,-3.542087766817063,1.4023378767456611,-2.7484420719412226,-2.3970556995777166,-4.003390454635625,0.9275750541180174,-4.332276312877184,3.549806953789294,1.2321962730096463,4.264309035740527,-2.116726115409311,4.767398224021931,-4.934880092389323,-4.082988256417629,-0.3903404641467497,4.9780157035042905,3.5095173922762957,3.380173514904889,0.0947174075932181,3.9158919041728644,1.0634487536983261,0.1418189862641645,0.5038340273473048,-4.587673981701906,1.5980243657043502,1.3861703029508472,0.015212419098709757,4.815572952264135,4.631792661860501,0.5931503561192462,0.2625502947839566,-4.67851891358703,1.3216430337940592,-4.6304887461112125,3.1770999290209385,-3.161600421041717
numHidden 	5
numGenes 	48
minGene 	-5.0
maxGene 	5.0
popSize 	200
maxEvaluations 	20000
mutateRate 	0.05
mutateChange 	0.01
seed 	1523819966660
random 	java.util.Random@6193b845
neuralNetworkClass 	class coursework.ExampleEvolutionaryAlgorithm
Training Set Training
Fitness 0.1370441514985768