0.36803976919908044,-4.013154872745657,2.1497879206235737,2.3109923299129407,-4.64315371562007,-4.483417507002792,4.713914999429469,4.08648335461456,0.8409407869124728,-4.4572680884148514,-2.8744395589782332,-0.23212399117624918,4.957018294708111,-0.21258777103845602,-3.0580499427103014,2.414116693051346,2.586863884893511,4.529026403148147,-1.073923461032133,0.6018996426621366,3.038285573458894,0.951116616707394,0.32742283074150785,0.24597130462173583,-4.698535149174255,2.8163271566162167,-1.0329421654648716,-4.873945088855652,0.2332121687344082,-1.5683207669353258,3.3109944059980303,-2.097720022166825,-4.048558665841047,0.2222609250507483,-0.3367996721742685,3.4740633572425095,-4.102985138643896,-3.616335430855139,2.1985319966282746,-3.78987382447252,-1.2767737535422832,3.577817813387473,-2.2767740175129276,4.602971896714891,-1.6910754699310475,2.0696694570846588,4.934410305248888,0.6265542180841738
numHidden 	5
numGenes 	48
minGene 	-5.0
maxGene 	5.0
popSize 	200
maxEvaluations 	20000
mutateRate 	0.05
mutateChange 	0.01
seed 	1523819966660
random 	java.util.Random@6193b845
neuralNetworkClass 	class coursework.ExampleEvolutionaryAlgorithm
Training Set Training
Fitness 0.15956613624323832