0.9482772625546982,3.9397947046279564,4.332983355361235,4.070273082570615,-0.5447700821741409,3.4231423649866373,-4.241564391416947,4.789820186041653,-0.6004297262079303,-0.23946147920259556,-0.6671771045260201,4.224238785528907,0.3107712495797034,1.4608589337966358,-0.7933228931812839,-0.24104630678739822,-3.2551374813528664,2.904302835957785,2.6846194507506596,1.9844544798025674,-1.3804487754224193,2.1985678153592785,-2.379141811916919,-2.175807428312071,2.559627590967202,-2.653637477585606,4.635946957641274,1.308870995333125,4.136370746160213,-2.050115588180347,-1.2754269196565777,-3.7823752726820556,3.6694732162020065,2.505198776563986,1.7938649002705809,-4.000559139051646,3.5746613846971775,2.464619633875982,0.5468322121804405,4.597734609507565,4.764606354924235,-2.337833357984773,0.611756439639759,1.7773581248186738,-4.761289638452819,-2.4780272480566303,0.8155904278243706,4.673957359405393
numHidden 	5
numGenes 	48
minGene 	-5.0
maxGene 	5.0
popSize 	200
maxEvaluations 	20000
mutateRate 	0.05
mutateChange 	0.01
seed 	1523819966660
random 	java.util.Random@6193b845
neuralNetworkClass 	class coursework.ExampleEvolutionaryAlgorithm
Training Set Training
Fitness 0.12268414159222174