-0.7071281840800572,-2.0435088184443067,-4.696471292352467,-0.2741580074493545,-4.617638065686956,-4.5684172363082,-0.8778484987980447,4.366169567625747,-4.749275070480255,0.8252938998188285,1.2353981963257303,2.8003758715894156,2.642268891677653,-0.15118542479407476,-0.018430921253821737,4.299146130984044,1.964058681455973,-1.0061497703097684,-3.1890810824882507,-2.253034313814865,4.392815079435718,-0.5428353719153016,-4.925823216947086,-1.856819542931702,1.5564011815559882,2.048769346329591,-1.3465301700597847,2.1078296270983823,-4.410684906406198,-2.6130517338313575,-3.942152601776614,-0.2597766796638757,0.3606050446343797,1.5025885147193667,-4.823859361275307,3.00243649281677,0.0043135762444329664,3.391719315302484,3.232348075834653,-3.6623259849491334,0.6228537492507343,3.1026874997368807,-0.3756776448193765,-1.3387251768866621,-1.6807809124006075,1.9175681791199053,3.9796181875219974,2.1709065106855476
numHidden 	5
numGenes 	48
minGene 	-5.0
maxGene 	5.0
popSize 	200
maxEvaluations 	20000
mutateRate 	0.05
mutateChange 	0.01
seed 	1523819966660
random 	java.util.Random@6193b845
neuralNetworkClass 	class coursework.ExampleEvolutionaryAlgorithm
Training Set Training
Fitness 0.14360038720012067