-0.912796366878748,1.6948582663115968,3.3700951780858865,-4.0251533166852616,-2.3863292888155483,-0.4003766644694,-1.427393817582118,-2.7569848238080494,3.486781266764499,-4.079890805554393,-3.0921457003399446,2.710078200476545,-3.220537686043988,-3.173328185978439,-2.0229872625911707,-0.05535552347680106,3.857745503436533,-2.674315531674767,-0.5749464639378363,-0.6098842974360767,-1.5953552646102809,1.773002603528246,2.2018437255835046,-2.93613721173731,4.08647394164155,2.552630091963475,-0.13608297425988525,-2.1154336806155474,-0.5855392760788414,-2.28383493819757,1.6519363671468452,4.1185139513950055,-0.5456030705573447,1.8343897462214853,-1.6291676214405237,-3.6940032209266973,2.324542713084334,4.27505594729545,-4.757754499965799,-4.8875665056122894,-1.6343773916454207,1.2273270531392066,-4.605814051694387,-1.3122986628149027,0.9324452129881706,-2.730768764433308,-2.339523502963509,-3.201263273297803
numHidden 	5
numGenes 	48
minGene 	-5.0
maxGene 	5.0
popSize 	200
maxEvaluations 	20000
mutateRate 	0.05
mutateChange 	0.01
seed 	1523819966660
random 	java.util.Random@6193b845
neuralNetworkClass 	class coursework.ExampleEvolutionaryAlgorithm
Training Set Training
Fitness 0.11304625720373966