2.8096613926491516,-1.7588769308219943,2.2533350287824416,-4.727926327762136,-3.4552522414181213,-4.850416410221702,2.5169125067706086,0.28770537083793557,-0.9176371473651039,-1.9660218729971133,-3.4886144020081855,-3.0349723510516435,-2.162137015306471,-1.1854956945732025,-3.2348433263161978,-3.6427139966534363,4.120585553189711,-0.4368152394454921,2.707184435415133,-3.3519875087440862,1.2749528840666715,3.119032226204899,-1.6649329879422679,1.7725804057941112,4.942586612276274,1.2344125687904919,-4.2815234788399446,-2.0602283649515636,-3.0314058661104246,0.2880031449908762,4.4756689270611885,3.9312277664613884,-1.326822654609858,-3.9212383227063623,-2.0179117957668793,0.6323050772064978,3.556155939594811,-1.320810298061259,2.051627014456613,-4.071040619968344,2.859330127105879,2.0564436893778644,2.3782226723917432,-2.338944199169214,-0.20685096781036222,-1.8504433710744046,3.0770545992830747,5.02882304967056
numHidden 	5
numGenes 	48
minGene 	-5.0
maxGene 	5.0
popSize 	200
maxEvaluations 	20000
mutateRate 	0.05
mutateChange 	0.01
seed 	1523819966660
random 	java.util.Random@6193b845
neuralNetworkClass 	class coursework.ExampleEvolutionaryAlgorithm
Training Set Training
Fitness 0.13550700929461884