0.8382892067474127,3.3026517927058547,-1.1828428024852062,0.02558197781128091,-4.251164541492924,1.4691657052638902,0.44633111016666993,4.097392911948441,4.338879252207925,-0.5193968672224388,-3.4971505417126942,2.344643170208759,4.3202665684044845,-2.3031864496897096,-5.240796224730933,-3.274279951235326,5.9038916743144085,4.2872984560948915,5.622081310573561,1.8572779730291646,-2.320691153659074,-2.0343403831180336,0.8118328148649666,-1.022888612468043,0.6509612039533051,6.119465090323813,7.631359057110579,-1.301035571616843,0.37601692620887184,-0.6850103407209255,0.27349640741729675,6.5693897078489485,2.7726183904374313,-2.3417629356396623,-4.278936183508191,2.2699855179685744,1.4536863169105625,5.758107690570387,5.761314369548107,-3.495967366253438,6.19024604112945,6.864523144390814,-4.7333924162843655,6.764762028637843,0.5195701267423402,1.5437805029181142,3.985701783930446,-2.496815702446447
numHidden 	5
numGenes 	48
minGene 	-5.0
maxGene 	5.0
popSize 	200
maxEvaluations 	20000
mutateRate 	0.2
mutateChange 	0.6
seed 	1523887502848
random 	java.util.Random@7eda2dbb
neuralNetworkClass 	class coursework.ExampleEvolutionaryAlgorithm
tournamentSize 	4
Training Set Training
Fitness 0.010467871911505146