2.6508403625837023,-0.2846445943455512,-3.8274668597972963,1.8448812620640536,-0.5904271751832942,-1.411330582305184,-2.212232346252633,-3.252240809390602,1.1290591275250517,-5.620920023230732,2.2897568594489184,3.831227848494358,4.391504333106025,-5.352348768036089,2.4301489433479166,-3.3844989023225027,0.22170509243915304,-1.9850653942752903,-5.7098536103137025,-2.728895916237576,-1.9433170844398675,3.107963609702517,1.4986625162801501,0.6841022583046793,1.6586339292356636,-1.1528587990398287,4.057084396287162,-5.4779804495756315,0.8588065436535236,3.3532982833156444,-4.268118380312607,-1.987827552939717,-3.9046946793885513,-0.3287660721301855,-5.242054649260088,-0.583579827423785,-1.704286879172134,0.23454493610211247,-3.710316896662041,-4.128908946968568,-1.6441846323896723,-4.262414572160576,4.2435306904928245,3.758112965927113,-2.321404621256222,0.4338976595713745,1.6946886592802546,-0.5168572790462799
numHidden 	5
numGenes 	48
minGene 	-5.0
maxGene 	5.0
popSize 	200
maxEvaluations 	20000
mutateRate 	0.2
mutateChange 	0.6
seed 	1523887502848
random 	java.util.Random@7eda2dbb
neuralNetworkClass 	class coursework.ExampleEvolutionaryAlgorithm
tournamentSize 	4
Training Set Training
Fitness 0.10368044235522743