2.425034386070772,0.5883670806672577,1.4352114888857084,3.4231665936490336,1.3414431139798269,0.30010960988207314,0.8255427615090888,-6.6834442971870685,0.31234694913878613,1.0327480100757471,3.323577789339501,0.776130167515151,-4.089495199359847,2.2224397064405728,-6.7255833312651765,-2.6103030436769425,1.749795585522345,-2.6897192389045026,1.470940249414216,-2.411653130063177,-2.132504569672257,3.881888766614385,1.5179606618202812,3.4789466132944358,2.894093815210492,-0.1947022955560509,5.495807415448203,1.0771229996212033,-4.670536505285808,-5.00142868365666,5.027513094036792,-6.865940589487525,2.5305226096310385,1.9230003396980848,2.621341285277878,3.1461308148576435,2.164354975362491,-1.275305348083334,-7.209527328046432,4.8946067780515214,-0.9079143531074273,1.1368406281867838,-0.05575162266016265,3.1833551007395258,-3.277366613931328,2.806844786931986,-1.5995559261316994,0.12567977813178932
numHidden 	5
numGenes 	48
minGene 	-5.0
maxGene 	5.0
popSize 	200
maxEvaluations 	20000
mutateRate 	0.2
mutateChange 	0.6
seed 	1523887502848
random 	java.util.Random@7eda2dbb
neuralNetworkClass 	class coursework.ExampleEvolutionaryAlgorithm
tournamentSize 	4
Training Set Training
Fitness 0.014893916207272283