6.758684815320358,1.557261513707188,-1.264001933044439,2.1687256116582123,1.0166651658167987,-3.675765391056656,7.682216494298471,-2.9384219542080006,5.029462479132031,8.24270829834627,6.972016469238065,1.1945592248338386,3.768074526330262,2.10952571861036,0.8382031339339787,0.8059160865558553,4.0917668401236345,1.2991760742508447,-3.647773617584846,-8.246333128191864,3.1461960693631106,-2.2633092454856603,0.36642765660990295,7.377004325089819,-9.016366737341185,0.5662013366814921,-0.6036638162144824,4.191285494859891,2.483080740003988,0.8399271211128668,6.549913063713829,1.4970364002745113,-1.2780907694775672,2.3043167229288373,-1.8342841189791423,4.666606396256329,-0.11303563871588174,-4.525487536576469,-4.560459039980493,-2.6821871808881013,3.2119236421171395,3.4652707927579045,-1.6008295910515655,-6.607883189042628,2.489011158266781,0.8859141168369847,3.529437116316099,1.9255729575232516
numHidden 	5
numGenes 	48
minGene 	-5.0
maxGene 	5.0
popSize 	200
maxEvaluations 	20000
mutateRate 	0.2
mutateChange 	0.6
seed 	1523887502848
random 	java.util.Random@7eda2dbb
neuralNetworkClass 	class coursework.ExampleEvolutionaryAlgorithm
tournamentSize 	4
Training Set Training
Fitness 0.008706272753609374