-0.3386355177128385,2.86789124360228,3.8136543365328945,4.1080508020989805,1.5413072958559715,-0.6437511070800516,1.140146676113774,-5.854173439805405,-0.09083028102899315,4.639518470778432,-0.6361357662204591,-5.889853124908294,4.287982289273107,-0.9123190340908504,1.1417256074109758,-0.06374493217728916,4.79560627483359,-4.256567546332781,3.0856694423921622,3.923015676219604,-4.341991218199266,-4.624136629857783,2.590540025774557,-5.37443984914128,-3.1190005824378506,-1.5662857033953492,-3.3634201960250287,-0.12926837370406985,-6.411796195925534,0.5209265656863417,-3.09190953706617,7.365901155552097,0.8912554193877233,-0.9714656413308279,-4.040716754788475,-4.735698053464841,4.27888173601305,-3.969229840607421,-2.6897113180344925,3.805104864918438,-2.8052211125881046,-1.1104146377984492,1.8707493001741917,-1.8359592508326026,2.5198540570763828,1.0106171346254422,0.9653741897046278,-6.269550938161282
numHidden 	5
numGenes 	48
minGene 	-5.0
maxGene 	5.0
popSize 	200
maxEvaluations 	20000
mutateRate 	0.2
mutateChange 	0.6
seed 	1523887502848
random 	java.util.Random@7eda2dbb
neuralNetworkClass 	class coursework.ExampleEvolutionaryAlgorithm
tournamentSize 	4
Training Set Training
Fitness 0.02480987003422695