-4.464533657080663,-11.001064221201938,0.4923585384824981,1.5759967759003333,-1.5478826072689738,-5.930599018025934,-4.595820043882348,0.9867655908027847,-5.3602666852549525,4.554931147199938,-2.7438427733071835,-4.028255174907149,-5.910033831668172,2.7981368494761214,-1.582133823177652,4.557250282892483,-4.254698051040678,-2.7099011347213264,0.42473866889686474,6.136967496846038,1.1700692852284589,2.281886406650664,-0.3515589966796636,4.006560478818372,0.8571433926199489,4.923959674070678,0.782959098262603,-1.6445544346472776,-0.722270994744418,-1.4848366735119405,-0.21868540131680192,0.9890300502182631,-1.1726865290783905,-3.5581675349316844,4.954787665323003,-3.265196420076488,-5.170920053976225,3.4488780911185155,-2.214019496519928,3.628234920681686,-0.27322398576126994,-2.391468303550445,3.2090004451056613,2.179515817737542,4.132233899524261,2.3387648534576493,-0.12549536642725623,3.889767772125627
numHidden 	5
numGenes 	48
minGene 	-5.0
maxGene 	5.0
popSize 	200
maxEvaluations 	20000
mutateRate 	0.2
mutateChange 	0.6
seed 	1523887502848
random 	java.util.Random@7eda2dbb
neuralNetworkClass 	class coursework.ExampleEvolutionaryAlgorithm
tournamentSize 	4
Training Set Training
Fitness 0.014744104626224365