-1.9363244218054625,-8.085300001856023,-6.4165869400237145,-1.2701890699822171,-2.1826429067589603,5.1258298395755,0.3267947164452647,3.2874945201516406,5.0149226674424705,-2.795097411482018,-0.29961683999099686,-2.0384667849739464,3.8537656157406217,0.761541136518329,-3.9690738398629617,4.819285477304145,4.901682436330844,-0.6436624387923283,3.2469235374728527,-0.9360562725118814,-2.2681531175776954,-2.016874660588495,7.814526235864493,-1.7224707175492817,1.5802153579816625,-0.47065806709034164,0.47184721242314176,-4.3642218190563105,4.09148896594775,0.8388980576513516,-5.94230575900788,3.3570395629021417,8.507647485595244,-1.5694943721742733,2.3248746842409287,-3.9679267323873346,7.053462352591087,4.365413550564672,-3.0651408937829645,-1.1211007685850785,-4.613713172369007,-1.387969537236879,0.8497352974520319,7.976618694607232,-1.5971905658323933,-0.2790809229051111,3.6690249476993535,3.754389017069538
numHidden 	5
numGenes 	48
minGene 	-5.0
maxGene 	5.0
popSize 	200
maxEvaluations 	20000
mutateRate 	0.2
mutateChange 	0.6
seed 	1523887502848
random 	java.util.Random@7eda2dbb
neuralNetworkClass 	class coursework.ExampleEvolutionaryAlgorithm
tournamentSize 	4
Training Set Training
Fitness 0.02788642284711889