0.17970100565162617,-4.62269547907284,-0.6567758425176794,1.9994600981380186,-2.9709612578997096,8.465120350033272,-2.183794568843311,5.1948931483487435,0.9748691793526533,4.5401177345273025,-3.0957940741540044,2.6460307806208716,0.895374791286318,5.388756938179052,-0.5224161116555944,-8.948313261923197,0.4673611947314177,3.174504049536759,-6.033800863022692,-5.835086034230965,2.3934676993268327,-4.171860111424683,-3.7904190180708723,-5.032110095721459,1.3449262836636313,-2.4236113297392756,-5.2747591911211185,-0.6018866361307976,0.15249937088603782,0.46620009139136676,1.1967015160254184,-2.9774907574895346,-0.6307581759363493,-5.401336648304304,-2.269914383150056,0.5189241234607956,0.7322457894300071,-0.8443283175567143,5.9878667609894745,0.19989007160150352,-4.733453867394311,-1.015906827086776,4.280657157275719,-0.6985797548835572,-1.9971201485425674,2.896348934807947,2.282668455748603,3.5599958337981827
numHidden 	5
numGenes 	48
minGene 	-5.0
maxGene 	5.0
popSize 	200
maxEvaluations 	20000
mutateRate 	0.2
mutateChange 	0.6
seed 	1523887502848
random 	java.util.Random@7eda2dbb
neuralNetworkClass 	class coursework.ExampleEvolutionaryAlgorithm
tournamentSize 	4
Training Set Training
Fitness 0.0982516159485016