2.696295370418442,-2.680747554608003,0.6104576288961941,-2.1292582245602327,3.0501821160824067,1.7474468289292933,-6.157217682185758,-4.083196094812983,0.30790727770774384,2.640481510135872,3.0926151770339,-0.884384348740837,3.229970520600556,-4.254348034008285,-1.4631774835788924,1.8650375595706232,0.9549838504289087,-2.4361708883294884,-7.98915638099688,-2.9210304727817364,2.281281798130016,-1.2860957694317547,-0.27538687197285605,-0.40098115426711367,3.436448958369438,-4.400040584467363,2.5503453859181966,-0.38660575330097957,0.10665334407276372,2.6605758940626356,-3.69886323523968,3.0048173757431647,4.094939339105556,-2.007427602291728,5.472855850379672,-2.4316190333796253,7.587396691806667,-4.833132362383129,-5.612182518696744,-4.228076349890442,2.8283901894221413,-2.6079610804463123,4.357237250854004,-1.2243654853640908,0.040801383995800355,-2.7684484494408292,-3.4295087964447117,4.184238339359127
numHidden 	5
numGenes 	48
minGene 	-5.0
maxGene 	5.0
popSize 	200
maxEvaluations 	20000
mutateRate 	0.2
mutateChange 	0.6
seed 	1523887502848
random 	java.util.Random@7eda2dbb
neuralNetworkClass 	class coursework.ExampleEvolutionaryAlgorithm
tournamentSize 	4
Training Set Training
Fitness 0.004892061905384298