-5.436761665921637,5.143590265284905,-0.19881547706780012,3.5467198537652798,3.0413508678140064,-2.295211296014725,0.22601457990218576,5.407362747851861,0.11436035805387212,1.0005114045251573,-2.329668712621665,-5.98270677607182,-1.3932046587354368,-0.6735168409093065,1.684131389249317,-2.6527888046434933,3.699925822168036,5.214072029920606,0.9214544502146417,3.297775786103574,3.6700051650807306,1.122174171662051,-2.7118387880033494,-0.19257985922892096,-3.1135894329769243,-5.444778366529553,-5.291350022417675,0.8260394766062357,-3.6316752703678223,-1.7037088417681132,-1.9646499674384845,-2.610959119951502,-2.79787829275082,-2.386568686493922,0.7845968838749827,0.20162988526169223,3.1376305319140645,-3.4210351099394702,1.1547633180824644,-3.568902744330655,-4.490029228082938,-0.16433109737750606,-3.6327188183092782,1.6052654332076601,2.074666787634219,-7.3496337968071686,4.768457160374842,-1.7718575243606152
numHidden 	5
numGenes 	48
minGene 	-5.0
maxGene 	5.0
popSize 	200
maxEvaluations 	20000
mutateRate 	0.2
mutateChange 	0.6
seed 	1523887502848
random 	java.util.Random@7eda2dbb
neuralNetworkClass 	class coursework.ExampleEvolutionaryAlgorithm
tournamentSize 	4
Training Set Training
Fitness 0.1112208976673357