-3.9452402823130814,-0.9916096076108625,4.2759074305860665,1.8743627766799245,4.358968693583715,-4.645982373647239,-4.775179905768544,-3.3569715719049578,0.3539505100012219,2.1066639057699366,0.7978375146016159,0.5030370632388816,4.0222904720126085,-3.3212904733997295,4.6917608959900186,0.432028947418857,-3.9956256903625444,3.8757875099069796,-4.853077731238184,0.01467628266360066,4.591783958318854,0.941221653125135,0.17309494821616234,-1.9954242662459336,1.1865195884140913,0.8456619177165781,0.720989445340785,-4.639503151997884,0.3349282291714566,-4.5673867475231535,-3.2771505209032394,-0.42673452750610963,-4.6868817416584,-0.4554578885439895,-3.610547146895816,-2.1169573698666975,-4.696067592783421,-4.638168387435848,-0.07808011621374966,2.3462844111626744,0.4236097824966798,-3.380319987212057,-1.7211661405129073,-1.2823023049975935,-2.2226451799671363,3.6987213181134617,0.25838720697504236,-2.756971649901611
numHidden 	5
numGenes 	48
minGene 	-5.0
maxGene 	5.0
popSize 	400
maxEvaluations 	20000
mutateRate 	0.05
mutateChange 	0.01
seed 	1523821542320
random 	java.util.Random@6193b845
neuralNetworkClass 	class coursework.ExampleEvolutionaryAlgorithm
Training Set Training
Fitness 0.15259983321352127