2.052841982706651,-4.676253570637536,0.720422389806803,2.111212378834453,-2.1709801411138274,1.7668152811092188,-0.22678889748845954,1.0933340733006762,1.490200421586451,-3.1366687708793872,2.3919196816071873,-4.280089924638224,4.049911548657555,-0.8900645826654996,-2.3182534211764882,4.670908066953418,4.1709821260708,3.372657550794436,-0.9254821633558317,-3.1631722875058155,4.892037489507921,-1.4163572356712004,-2.026222687283228,2.355807117029598,4.73818530677528,-1.9873856272912205,2.72042901659435,0.08624619118538888,-1.4971844077494056,4.123645282319412,4.033244541450323,1.803366058601238,2.8566257023932433,-3.26394719838356,1.332238289386808,0.8770836134672466,0.5406284893320521,-0.3880942514409931,3.7065953495271327,3.139845534118356,-0.285636328176202,4.432912246033436,0.09132258557664756,3.1391426798742756,-1.292012689835941,2.0529441834512134,-2.653350108458249,1.9796864387285673
numHidden 	5
numGenes 	48
minGene 	-5.0
maxGene 	5.0
popSize 	400
maxEvaluations 	20000
mutateRate 	0.05
mutateChange 	0.01
seed 	1523821542320
random 	java.util.Random@6193b845
neuralNetworkClass 	class coursework.ExampleEvolutionaryAlgorithm
Training Set Training
Fitness 0.1214619916900964