-4.451802041994647,-3.3202601545204224,-2.8596472408394202,-4.28010154656937,3.8187632980370263,-3.242652301424066,2.039939501963829,3.5584029028251134,-4.55945825130752,4.854502244209904,4.325514956522376,-0.7644975077321118,-1.4958544822052322,-4.715830290981451,-2.9874661293126445,3.8024802434404763,-1.6771965582873802,0.3432556791091663,3.480904736033869,2.8627488977061057,1.6574615908691106,-3.4680223792010034,-2.0498532083285914,-0.43590654960607367,0.7081280052255403,-1.3801209611406384,-1.2406481290686058,-2.700350692049347,4.515641777388781,-2.3102814042133155,-3.8612612575603333,0.16416145108538505,-2.3148872279454293,3.6054609193395475,0.745005350401108,3.6219191459457285,-3.423297444418041,3.551653413693032,0.5362445637348703,4.85447999140921,2.947522075715532,-3.0706412340387947,-2.9919895120019904,-2.1980500201985085,4.784503432538005,3.111868662188513,1.1013477158779672,4.981602673397262
numHidden 	5
numGenes 	48
minGene 	-5.0
maxGene 	5.0
popSize 	400
maxEvaluations 	20000
mutateRate 	0.05
mutateChange 	0.01
seed 	1523821542320
random 	java.util.Random@6193b845
neuralNetworkClass 	class coursework.ExampleEvolutionaryAlgorithm
Training Set Training
Fitness 0.1331021434192698