2.3008593606095924,-4.694448676612845,-1.234191805248205,-2.963132337589035,-4.761393118943937,2.8957793536238876,-1.1539053045542866,4.950086674553674,-3.6700017623034773,3.813847020535974,0.3578683693129781,-1.49571212735085,-1.2851533494072487,-4.851824829132676,-0.7249080231175133,1.7224475834327426,-2.2181841696678886,4.3892175003616885,0.4095177059630951,-2.2341324922541292,-0.4387701339956962,2.4800786347250163,-3.1284738956006084,-3.868109710964154,-0.917202006626173,-0.45273596579939923,-2.6800385407864633,-0.39825327666389754,-2.5407645834982295,2.815357741316027,0.015031955850759005,0.83486846266955,2.775974738966374,4.55378201465948,-3.634614097758526,2.098178575335802,2.4928824152176023,-4.9944582789351175,1.212976859283252,-1.7313587779355188,-0.4058016393273389,-3.0508338157465333,3.735896529044428,3.4615690056142725,0.6133954162468632,2.8219884337933254,3.2390232419979554,-2.9884970770540784
numHidden 	5
numGenes 	48
minGene 	-5.0
maxGene 	5.0
popSize 	400
maxEvaluations 	20000
mutateRate 	0.05
mutateChange 	0.01
seed 	1523821542320
random 	java.util.Random@6193b845
neuralNetworkClass 	class coursework.ExampleEvolutionaryAlgorithm
Training Set Training
Fitness 0.1448961076867922