1.4997050510828007,3.0434062678680824,-3.4404063707293386,3.04480840814548,-2.0867424907445056,-4.287976851907338,-1.920261473616808,-1.0066315264144352,2.7881822102848357,-2.326970562274382,0.06435322128936605,1.0232278704645932,2.6974700749320046,-2.555893872917875,-1.1015636881267232,2.6181939727634163,0.2663152604518313,2.5653837310322283,-4.460028092655001,-2.3903888608099932,4.989108252133031,-1.2365178970821078,4.5625613749136456,0.6616258648005786,3.337134976641341,-1.156351414655309,-1.421002180300368,-2.024573648326057,2.4297466527216818,-1.7683128076790986,4.3546861819929745,1.4280899390025867,-3.0578436298593745,-3.8716173658210518,-3.7735523159927595,1.558947508826309,4.635911362739147,-3.907352973536163,-2.9386141254392593,4.826125393886869,1.9234786556537644,-2.4643748417423494,-3.0778608878630154,-1.6217935990714039,-2.783729309500369,0.08651290730697525,4.848979387851655,1.2207046587164516
numHidden 	5
numGenes 	48
minGene 	-5.0
maxGene 	5.0
popSize 	400
maxEvaluations 	20000
mutateRate 	0.05
mutateChange 	0.01
seed 	1523821542320
random 	java.util.Random@6193b845
neuralNetworkClass 	class coursework.ExampleEvolutionaryAlgorithm
Training Set Training
Fitness 0.17245356799023268