4.211869740775808,-1.535539549723104,-4.994281265867261,-4.632863268313721,-2.2401077343471294,-3.175622759664696,-4.34494192913282,-1.287721312451401,-2.9400349777366053,2.869579699287242,-0.41449409784939384,-4.103058625259398,-0.09432037860950523,-0.023026962375791663,-0.23002289742506957,-3.6906222370774153,-4.058427934483986,-0.39288065828556473,3.350511658100788,2.3635616222232665,0.8049086490115531,-0.13854218630519638,-3.7552705778986706,-1.6992097109464435,-2.2392295115845258,0.9015391686388118,2.3752678103030744,2.97502302571164,-2.0160497543214384,-4.2836436097755985,-1.909797547303288,1.3219446406513065,-4.892646042981198,1.3154769056685183,4.00786947181537,-2.0309154366447992,-1.044992674523736,2.395948277433436,4.634120123622119,-1.9651817450174016,-2.0290821204828005,2.541183062015847,-4.40653737121644,2.210042840951697,-3.5206723797459594,0.5945428533421927,3.511886200088682,-0.27395415257168243
numHidden 	5
numGenes 	48
minGene 	-5.0
maxGene 	5.0
popSize 	400
maxEvaluations 	20000
mutateRate 	0.05
mutateChange 	0.01
seed 	1523821542320
random 	java.util.Random@6193b845
neuralNetworkClass 	class coursework.ExampleEvolutionaryAlgorithm
Training Set Training
Fitness 0.14565350841166438