-1.0776066858711266,-0.7463589264197759,-1.8063157896675655,4.00011563679937,2.475375857729069,3.3966774978914605,1.6122504117691974,-0.5416754594972681,-0.6648210392859276,-3.7481712715673856,4.143850868562815,-0.02525720418290151,-0.8877897413247942,-0.3319223478624375,-1.6929823089781637,-4.721243243578877,3.622806474084074,2.4030399458691796,1.386903774190971,2.8984115472214715,1.6979598364587003,-0.6115127151739053,3.3402057776867995,-3.57804875215785,-3.38839434644531,-4.391807818719453,0.33968851085991186,2.2465683794404727,1.3407947069151536,0.3350140359039331,4.859823613698316,-1.3951124069019565,2.395709822941062,2.0634421333778787,3.7363647536274063,4.21528684111694,4.379603800903974,2.9794527912729842,-2.309856775280836,-3.6325271901143976,2.9575894743371154,0.4922700981002339,-3.6204787825234543,-3.5591235449971284,0.2653378200650742,2.942558754533403,4.4214263164688585,3.4537457015793604
numHidden 	5
numGenes 	48
minGene 	-5.0
maxGene 	5.0
popSize 	400
maxEvaluations 	20000
mutateRate 	0.05
mutateChange 	0.01
seed 	1523821542320
random 	java.util.Random@6193b845
neuralNetworkClass 	class coursework.ExampleEvolutionaryAlgorithm
Training Set Training
Fitness 0.1283505971967004