-0.335328888946004,1.5596628906360486,4.948542962925111,0.18720965408728865,-0.7370470287400982,-1.6389013427859327,2.593035733145011,-4.768587364768688,0.24338562628954566,-2.5730426567170253,2.286413547747115,0.03402202885103979,4.141178195455052,0.8603521736066533,4.801470431245077,-0.7446317051041357,-3.907519042776456,2.7780238730484,4.438860606688828,1.7002714423782141,0.7508993189520041,-5.00414726088112,-2.9286818505141947,-2.106456669458514,-3.050665858642911,3.6444308485067274,-1.2881525358863226,-3.0518603167842064,-1.850323721880312,0.36442048677117284,2.297635406322091,4.665726049244826,-1.2468930578659179,-2.3498321406200664,-2.980351349967496,4.275464751364484,1.375084578907901,-4.084718970347177,-3.209294491390663,-1.0257320254857114,-2.5029560442700345,-3.267374052100864,-2.3605409665436845,-2.0412222274361502,0.3825824941418003,1.9645607477565785,-3.03603941218022,-1.1482658125157401
numHidden 	5
numGenes 	48
minGene 	-5.0
maxGene 	5.0
popSize 	400
maxEvaluations 	20000
mutateRate 	0.05
mutateChange 	0.01
seed 	1523821542320
random 	java.util.Random@6193b845
neuralNetworkClass 	class coursework.ExampleEvolutionaryAlgorithm
Training Set Training
Fitness 0.1464742486720505