-2.068333532990847,-4.609263617976255,-3.5212545948419978,4.264231592990717,0.7532573719584086,-4.134120670342011,-3.374968845557478,-4.475111193965759,0.43870075830490585,-1.672394587644285,0.8998064610328393,-1.0001640911013432,-1.634558043866301,3.865183375039825,-2.389799804056305,1.9931492067368195,-2.7428301246861313,0.09343655666945949,3.831705523021485,-2.1465758927433543,2.6440313413336263,4.763962414763238,-3.7941296173605337,1.200486302851469,-1.184711345920777,0.9442013195854662,0.009915451118937213,-2.579702398160256,-0.27058231025966784,4.831556307529446,0.7096439015770883,-1.1326658215729148,-4.830787998625798,0.717026798100302,-1.1304646343838187,-3.6827845589606953,-1.1141426031838106,-1.1274102932406893,-3.078257387556602,3.128389068589712,-3.636045742959352,1.2088218532564357,3.6016502403204314,1.3001874795657127,-3.582504046343209,-3.5659713644500366,-0.10097765772686706,3.155589454603735
numHidden 	5
numGenes 	48
minGene 	-5.0
maxGene 	5.0
popSize 	400
maxEvaluations 	20000
mutateRate 	0.05
mutateChange 	0.01
seed 	1523821542320
random 	java.util.Random@6193b845
neuralNetworkClass 	class coursework.ExampleEvolutionaryAlgorithm
Training Set Training
Fitness 0.13632951279114713