4.927708836487087,2.0506628196690673,4.30093864803678,2.120009878992633,0.5539149287896254,-2.086808631223074,-3.673267182736357,4.841397528316206,1.5037516449358013,2.0278565720161326,-3.6553720813328416,3.1170371645505437,0.03745965433384288,-1.693458277883604,-0.6707453834770317,-4.941357226984783,-3.3278513051453538,3.298194982521485,-0.9588336224401568,4.8888150631728715,0.8430639321094399,0.30898053618457455,-0.5048131519047696,-1.8535485897247599,-0.3671556456719519,4.5234825558600615,2.0392767948693757,-2.596713086739797,1.034774509010888,-4.0615316690027985,4.156885182269672,-2.8876623909572787,2.256212634694081,2.816676677510606,-2.909250165327159,-2.8869322101342276,-0.02479293051885391,2.570158773788502,4.908605479896284,-4.902440033131311,-0.6128716274440376,-2.2545795696990565,-3.641624717146954,-4.512540644895977,-2.8447084143254804,-4.591595922199168,4.4980011164660185,1.0489374417739605
numHidden 	5
numGenes 	48
minGene 	-5.0
maxGene 	5.0
popSize 	400
maxEvaluations 	20000
mutateRate 	0.05
mutateChange 	0.01
seed 	1523821542320
random 	java.util.Random@6193b845
neuralNetworkClass 	class coursework.ExampleEvolutionaryAlgorithm
Training Set Training
Fitness 0.1385145366988114