0.9120731969883122,-0.1467673098453173,2.624862356367702,1.450555114582512,0.3866294486242108,-4.092405561815205,-4.024926603733982,4.042159245323898,4.279487353203075,3.5141643337566624,1.8601635267628307,-4.139243495755027,3.4333906630810755,-4.8679840122390114,4.227971382747591,-4.180248549351058,2.919118602978166,1.0565969810454927,1.7538190751338334,-1.2215923510444981,4.314739328910363,-3.8600231674169416,3.139674393869239,-3.8354434393022565,-2.652035106662475,-0.2747358680349006,-2.423425592232454,-4.0148489791200435,2.7160101909299588,0.8905167390332789,3.0791636273099825,2.7285898902039456,-2.1419793709388055,-3.6361145816308875,-0.9413508484730327,0.8164058587912213,-2.7089879732186564,-4.46848045047071,3.693986209779327,1.8017231457201621,4.347865415283201,4.057586738764582,-2.743824556111052,-4.413540696219628,-1.1409676350351647,0.44117589252380895,4.425275981145681,1.1240800922493428
numHidden 	5
numGenes 	48
minGene 	-5.0
maxGene 	5.0
popSize 	400
maxEvaluations 	20000
mutateRate 	0.05
mutateChange 	0.01
seed 	1523818612512
random 	java.util.Random@6193b845
neuralNetworkClass 	class coursework.ExampleEvolutionaryAlgorithm
Training Set Training
Fitness 0.11797429654537268