3.330137963502649,-2.017402812373178,0.9600736961662459,3.161624159245143,2.3639478967962457,-1.2069290863043307,-4.529205712226045,-3.6687538763643426,-0.9696753641141236,-4.339386830390815,-4.064026996008099,-1.4714237625205686,0.43401073902144166,0.7338731251560301,1.3895171761009946,0.6509288815361884,-1.7332205692023428,-2.096955857982772,-3.429371268689994,-2.7271637765650447,-1.0343366919984933,4.601426853110139,4.572084050755263,-2.523169642478208,2.0678949433963103,-1.1057845752794373,-0.26250917854696443,1.2270723084622626,3.1712089513900636,1.3211637509405247,1.686979513143536,3.4557382836473574,1.2271118618903578,-1.5902113965735243,3.6524434674277644,-4.398495791634073,3.3465262601744263,4.000265629896397,-3.032962830141166,-3.7841126995255037,-2.561215164114649,1.5962020304171176,3.029182424002194,2.157417019137122,-3.7450778469677406,2.0527608652682403,2.942857491577468,2.7370848078825185
numHidden 	5
numGenes 	48
minGene 	-5.0
maxGene 	5.0
popSize 	400
maxEvaluations 	20000
mutateRate 	0.05
mutateChange 	0.01
seed 	1523818612512
random 	java.util.Random@6193b845
neuralNetworkClass 	class coursework.ExampleEvolutionaryAlgorithm
Training Set Training
Fitness 0.10884233027492764