-2.2820460185653966,-4.2032090962824755,-4.461739513613688,0.43249120196671975,-3.1036731164737086,-1.6417468183539814,-0.7651109187941112,-1.728984797377755,-1.32900093474131,4.079038584075516,-1.002756901017914,-2.554306559170121,-2.486178758357298,1.5716041683392747,0.24719400328832286,-4.062687126271879,-0.6881110401961443,0.7759685058979828,2.078698099627414,4.228133639659546,1.0677198339556533,1.959843764327724,3.3201506942721934,1.5791465293021805,-2.828097886922858,-0.9523661648544386,-3.2327690467159997,-1.5051969742736837,-3.2309683827271156,1.1737562064322926,2.4244184308963392,4.771639090407829,-3.370126634762994,-4.915567439669237,1.2927885775843109,-2.6278347690075723,-2.0794749844560636,1.900216449847215,-4.486104775496208,-4.968039508863626,0.4578891129763072,1.0958340180574293,4.469016235068283,2.005489795291636,2.692693544977497,-2.161010708576433,4.492546168637858,-4.9212538660556975
numHidden 	5
numGenes 	48
minGene 	-5.0
maxGene 	5.0
popSize 	400
maxEvaluations 	20000
mutateRate 	0.05
mutateChange 	0.01
seed 	1523818612512
random 	java.util.Random@6193b845
neuralNetworkClass 	class coursework.ExampleEvolutionaryAlgorithm
Training Set Training
Fitness 0.11731575939336657