-4.460334312167723,2.051329797593807,3.5851742610784214,-3.6282969165781536,-2.519577324151212,3.6264154243509505,0.5476298766642413,4.768654112749125,4.497618529871875,-3.6661368991239196,-0.7383737953855981,-4.814275408737352,2.941072633832186,-0.161477075857289,2.1985181199788437,2.8146925420024846,-4.195817416944836,0.8357758729151898,3.2715274042639813,-3.870754352591377,-3.4257300016911474,4.606184485416364,-4.919732299267318,-0.8062155215878395,-2.069889721169136,1.4160743757036922,4.778262191038487,1.1342435849712644,-4.966130634957537,-2.464619769948815,-2.8380594861237882,3.3377742571618914,1.9069069157995269,2.3230348675332624,-0.438737974837049,-2.0350765344678576,3.9230662705173085,3.7227901338634357,1.9239068596297413,3.18517190421773,-1.44483269672683,2.6503845628223637,0.5846484948062897,-2.592268027307111,-1.4964946791614777,4.455104662241046,1.8386850736515807,3.3819975583637056
numHidden 	5
numGenes 	48
minGene 	-5.0
maxGene 	5.0
popSize 	400
maxEvaluations 	20000
mutateRate 	0.05
mutateChange 	0.01
seed 	1523818612512
random 	java.util.Random@6193b845
neuralNetworkClass 	class coursework.ExampleEvolutionaryAlgorithm
Training Set Training
Fitness 0.10425320943324612