3.240660261954334,0.11615386890448498,-2.3665147215454043,-0.6863569922503127,3.3971142251654847,-4.269145357052088,-0.7348857481845572,-2.1533521092023156,-2.226707099081736,-3.2424023045426367,4.6568843210839015,-3.0670189776071077,-2.287226017577572,-1.622028980502007,-4.357375818172802,-3.8176440657492527,2.7610381894862313,-1.7556622358062877,1.2020398486146684,-4.525114563237246,-1.024958821484053,-2.913559870817476,-0.5038311446696744,3.5935047494540555,3.8699556844678167,1.2535449882326204,-4.590564898022759,0.9698742646289329,-0.09947532717645657,-4.1392376415875765,0.8381520233743949,-4.0751308505344355,-0.06424154648178781,0.3646212020667896,0.34595939868159203,1.5022105237456298,-3.761218672343909,2.638519941697245,-3.66494946888439,4.274856516605293,4.578064681950988,-3.8288852997981837,-2.929940720601778,-1.2095111040029494,-2.383166198236605,1.4275725575087677,2.0385559134507316,0.009696100433723487
numHidden 	5
numGenes 	48
minGene 	-5.0
maxGene 	5.0
popSize 	400
maxEvaluations 	20000
mutateRate 	0.05
mutateChange 	0.01
seed 	1523818612512
random 	java.util.Random@6193b845
neuralNetworkClass 	class coursework.ExampleEvolutionaryAlgorithm
Training Set Training
Fitness 0.09926726604971783