-4.74923960366474,-4.254589763244462,4.459738775717913,-2.2336129627298735,1.3559695635173874,1.8848919373487742,-3.9100828324491523,-3.4606052407811227,4.170218003647541,-3.233043803623461,1.1800216868757873,2.7895012853583703,-1.646917713376431,-2.0223575497328174,-2.600099439084963,-0.2364554106175687,-2.8038776914765817,0.2196902639417253,-0.2975239510889913,-1.9719354383627468,-0.059390201405062015,2.527751292803538,4.74056238801088,-3.50017961184117,4.460880370493662,4.288422557327591,0.6455632911479476,-0.04768334175361311,-0.4413555878826916,-0.18333471111845018,-0.5128428360635269,-2.5816545747605892,4.269419782174889,4.011834109878858,3.0452142870736463,-4.724921791614059,-0.2125297250941009,-2.1895320820362416,-2.7257264377955606,-4.450769960777176,1.8544206050628498,2.2588777083557696,4.2418150595571085,4.082424203131012,-4.074659486931477,0.313200231035502,3.8533455933136027,-0.09718112976188031
numHidden 	5
numGenes 	48
minGene 	-5.0
maxGene 	5.0
popSize 	400
maxEvaluations 	20000
mutateRate 	0.05
mutateChange 	0.01
seed 	1523818612512
random 	java.util.Random@6193b845
neuralNetworkClass 	class coursework.ExampleEvolutionaryAlgorithm
Training Set Training
Fitness 0.09781323776939373