0.9576118823264647,-3.4291486026023863,3.7630167278245636,-4.220138242002584,-0.7386842096512538,3.1465997145251823,2.683202348716918,3.666550943628894,-1.4719610894706934,1.6107682678436746,1.82064051442479,-0.675548947627064,1.3596764694292505,0.767316469759084,0.4161904014609412,-3.3385411144545105,4.225591308245743,3.4451772827872817,3.654651921177889,-2.981542476075928,-3.4138253141628954,1.013321602933221,1.0115156631807274,-0.40788084152902915,-1.2714601585023377,-4.596981843060992,0.5356484661078529,-1.0564741542055724,3.526824779119004,-0.26238439461077695,-0.6667707110122167,3.060160192153912,2.5248252829139592,-4.030507265759439,0.7034383265190014,4.090462657156198,3.8469446756520913,-2.289246830636489,1.453200036678279,0.17114269695450712,-1.5610272522824054,0.4961118706094725,2.6627400288055423,-2.4115997517801757,-1.078520194489844,2.409512823953967,2.82857990715446,1.9543680224450615
numHidden 	5
numGenes 	48
minGene 	-5.0
maxGene 	5.0
popSize 	400
maxEvaluations 	20000
mutateRate 	0.05
mutateChange 	0.01
seed 	1523818612512
random 	java.util.Random@6193b845
neuralNetworkClass 	class coursework.ExampleEvolutionaryAlgorithm
Training Set Training
Fitness 0.08853532433108115