-3.455753127203333,-2.2774827636348802,4.850114708701398,-3.4465776097465204,4.3827623255281445,0.1448563351400889,-4.467482792617645,1.9614333454062756,-4.245955314784474,1.9326508859093376,-0.725468508509031,4.290499923742997,3.5023198044657597,3.73074725373582,1.898493176133651,0.14776658092288475,-2.755387593072305,4.862957835998579,-1.3746828794873958,2.9650932795973013,1.157634597623331,0.3320335015234779,2.957786729588733,-3.1225511721708954,-0.03682240036704787,-2.449736339103372,0.5110415647488997,1.355795676522301,-0.7973993383177298,-0.2430844280091892,3.4586992734067312,0.703638416375971,-1.3893058165755057,2.530180133677951,-4.521515908725119,-4.822147165003886,1.7214044313738803,-4.902819023019544,4.393563821171703,2.3945322239056477,-4.5332979787748835,-0.5837548189377357,2.972246158331205,3.7479309045467613,0.14206234018828212,2.594571299014903,4.625384010167704,-2.8643585804531573
numHidden 	5
numGenes 	48
minGene 	-5.0
maxGene 	5.0
popSize 	400
maxEvaluations 	20000
mutateRate 	0.05
mutateChange 	0.01
seed 	1523818612512
random 	java.util.Random@6193b845
neuralNetworkClass 	class coursework.ExampleEvolutionaryAlgorithm
Training Set Training
Fitness 0.10677107635246734