1.0675571681778164,-3.2189050063401634,-0.3698533290363848,-1.023652108926903,-3.7279214598891213,-0.40037037613962134,4.182454163999831,3.265279555221971,-1.6761621880712372,-2.8987709899489915,-3.1211229876006263,-1.1366732018187105,-0.802496438935235,-1.3550087634252495,-1.5924423055117796,2.299734079917613,2.5569715752265774,3.17050526785361,-1.8035443506824267,-4.324744633573985,-4.37340793689705,-2.174148304994538,1.047816204138301,3.25199375885919,3.156925542507641,-1.470768710778815,0.3424489250243603,0.43230438129688503,-0.709822509945905,-0.2344383475676306,-2.479499491819082,-0.18970016349018515,0.4913888307833787,-2.399371146184761,-0.18836103798726356,4.45863807899063,-1.0378173666933257,-2.419241636872167,4.992911818082057,0.5373416806906048,4.397432387484028,-2.0097175621528103,-2.490535488428839,2.0503877947504145,-2.4577202136211356,-1.5205002376131196,4.236599081486084,-1.4247538020715584
numHidden 	5
numGenes 	48
minGene 	-5.0
maxGene 	5.0
popSize 	400
maxEvaluations 	20000
mutateRate 	0.05
mutateChange 	0.01
seed 	1523818612512
random 	java.util.Random@6193b845
neuralNetworkClass 	class coursework.ExampleEvolutionaryAlgorithm
Training Set Training
Fitness 0.10141491349741417