2.798771402440117,3.568126437534624,1.9003622914319287,1.669979184445629,-3.376758167219357,-4.816059329446927,-3.9344263355885434,4.889132517980798,1.4150378588867745,-0.10272590943141946,4.2762724895174,-3.437537883464513,3.9045158951098067,-0.6645354749120966,1.5508697314896303,-1.3341858772760053,-1.680999947918506,0.783865901511836,-3.0273960639367257,-1.2815504318324669,1.8724735564458563,4.943215262362033,-2.2025235652596455,3.9717880150613603,1.5144035800388855,1.77310938775432,-0.41904399060242437,-1.3635212433480874,1.5238854296275812,3.0395093141271756,2.467563435357823,-2.5314856755028385,-3.0677205612628464,2.8016170209116162,-1.410017792259396,0.8750454320942543,-2.667401690154143,-3.394699112754591,4.622855154305917,4.047224090445539,-2.854743354069215,3.817671880086017,4.9480822756097975,0.3672697184766611,0.07174856866152905,4.713323743762639,3.907407251745765,-1.3671259085398324
numHidden 	5
numGenes 	48
minGene 	-5.0
maxGene 	5.0
popSize 	400
maxEvaluations 	20000
mutateRate 	0.05
mutateChange 	0.01
seed 	1523818612512
random 	java.util.Random@6193b845
neuralNetworkClass 	class coursework.ExampleEvolutionaryAlgorithm
Training Set Training
Fitness 0.11672936064111132