-0.0760360354731986,3.7338972264392463,-7.474195119229904,-2.2869569996757444,4.485703582370044,-3.9399782167390893,3.533503167051179,0.7826724010171119,4.4471732123649135,0.19886448856515204,0.962114782956173,4.541893265607945,-2.8461648242937736,-3.1629432841372047,-1.8449730808775087,0.8981929190833525,-2.195872288097375,0.6632461306402687,5.244260615081409,5.8262134586210355,2.215044280124887,-1.689257467622157,3.577416898618695,-5.34391378369348,-0.6881825442375856,1.8432320081807863,-3.982386149787738,-3.321818164695209,0.6575443978293706,-3.322780617236151,1.332438935706438,4.5784420987548415,-5.107903994610181,1.75401091410941,-2.002286591474814,5.343863154245524,-3.6843209738051486,-3.194323750209443,-6.335874601834408,1.7155780088836168,1.030927506969718,7.303580148555783,-3.530442024798821,-0.1826142286861423,0.44841867271684077,-1.4652894007884485,1.3272013252619566,4.050461665913803
numHidden 	5
numGenes 	48
minGene 	-5.0
maxGene 	5.0
popSize 	200
maxEvaluations 	20000
mutateRate 	0.2
mutateChange 	0.6
seed 	1523888296640
random 	java.util.Random@7eda2dbb
neuralNetworkClass 	class coursework.ExampleEvolutionaryAlgorithm
tournamentSize 	8
Training Set Training
Fitness 0.10643113871506209