1.9409752953868518,-2.307848347413072,0.39355963653093806,-1.898095727274372,-0.9351487678415326,-9.17729944920651,-3.1689664871688867,8.387679539570227,-0.2530915670860503,-4.633806743551226,1.8547665547124401,1.7896106727656171,5.432619403555252,2.4113226624878235,3.822441886697237,-9.770142611981576,-0.11803268309407744,9.518100715822756,0.04926987421910067,4.871985284135994,1.9263793972610186,4.41278615981977,1.2612520980791144,2.948744227530158,3.7776060435114696,0.8307712799124048,-1.433335251339519,-0.5636473997701771,-0.332723781106823,4.204613138330861,3.5309239826934484,-3.350779262472481,-1.1381350125134886,7.626024941588931,0.3622721038372384,-0.6330545091248233,-4.823674594696087,-4.045205810312104,2.450482335745137,9.155792663590962,5.000660849884744,-2.095774720211521,-4.251954705539421,-1.0902218218586677,-2.642782121369169,3.401851638201402,2.143073079037537,3.1118492802103574
numHidden 	5
numGenes 	48
minGene 	-5.0
maxGene 	5.0
popSize 	200
maxEvaluations 	20000
mutateRate 	0.2
mutateChange 	0.6
seed 	1523889058180
random 	java.util.Random@7eda2dbb
neuralNetworkClass 	class coursework.ExampleEvolutionaryAlgorithm
tournamentSize 	16
Training Set Training
Fitness 0.030397061279728625