-9.504861860167145,3.57312304990665,-3.0868733117263343,2.7807430867859995,-3.0566669824299098,-1.1710294570706945,2.896263185722647,-0.5356139908836702,2.4263393474187995,3.177302310988794,-2.1886579773513573,-6.197802260712169,-4.0425500850390685,0.11093321395170164,-0.4410097676881136,2.4065187864230633,-2.091572584735707,-3.7143503030028087,3.269611951671176,4.57655098802431,3.232239413858868,2.8892882283132595,5.47540052273113,-4.915662174095291,-0.5181282170709781,-1.0511875367902443,3.442467932923573,-2.3234900567809977,3.532695540465656,0.41733985097836845,-2.9253214360349835,1.96440875556859,1.7397047064964077,0.38503032813780425,5.1058469770315575,-1.1915845066370592,-1.2527401857076748,-3.977802482436163,-1.1354561146932611,-0.9019915374972866,-2.2821934129728896,1.6899551038703926,1.525825221013716,6.387279356471142,6.557365636684363,2.6431721026159747,-1.143214947819006,-1.43366061753485
numHidden 	5
numGenes 	48
minGene 	-5.0
maxGene 	5.0
popSize 	200
maxEvaluations 	20000
mutateRate 	0.2
mutateChange 	0.6
seed 	1523888296640
random 	java.util.Random@7eda2dbb
neuralNetworkClass 	class coursework.ExampleEvolutionaryAlgorithm
tournamentSize 	8
Training Set Training
Fitness 0.043632793207766314