3.712178685618642,-7.52381704514876,-7.497386589087737,-4.9205828643711085,1.6632967558081515,3.253843524041982,-2.6202073409091473,0.32564329885420995,-2.3301255458471073,-4.879073870943643,0.17238103909587887,0.5274784717950164,-1.8418477311924288,-9.76965605420768,-0.35609949933868257,2.9178267390621286,2.6166580768030676,0.7006725602647733,3.0155280824139767,-1.1095921036973895,-1.0900759168899432,-0.45025909238831574,0.6565269557616259,5.471431105411712,5.764383310810398,-5.118728209746727,-4.641372336553374,3.221182736340645,0.7743060254085502,-1.218478630214276,-9.245080268184902,4.455481360188927,-5.745842390348232,-2.272997278434741,1.778578591956947,1.2273435189222588,8.454770801586774,1.9610216719238514,-4.795982773763024,7.572098045512079,5.46424638848323,-0.9341098545028153,1.4728200376640066,-0.5054313016679727,-4.069495386076122,1.0393283334233883,1.9790782852671551,-2.53514997897871
numHidden 	5
numGenes 	48
minGene 	-5.0
maxGene 	5.0
popSize 	200
maxEvaluations 	20000
mutateRate 	0.2
mutateChange 	0.6
seed 	1523889058180
random 	java.util.Random@7eda2dbb
neuralNetworkClass 	class coursework.ExampleEvolutionaryAlgorithm
tournamentSize 	16
Training Set Training
Fitness 0.09670875296314073