-3.5370452672321395,6.372286013661662,1.5983308861582777,1.8519121154664058,-1.981773598664537,-0.2517109401468379,2.7285785982058055,6.026009825317695,5.474820286671067,0.5868675610219789,-5.336035253005322,4.258542968908803,-0.18268678394018423,1.1761019806157051,-0.3519780392196209,1.3046265920526803,-4.954246310208453,0.027871771837600923,1.0100303002864974,4.715081901446748,0.16604100150543988,-3.9845381300430147,-1.1358931459269312,0.6879800867558996,-4.469396071136351,-0.14484967746759136,0.10896707135114847,0.20638335654480622,-0.7092350194581778,1.4338804618599679,-3.1436534113867243,4.957555926230466,-2.12898961245025,0.7120921247945834,-3.5538470282227332,-2.9128737362122665,-2.6132915755929598,-3.6797773381332735,3.098994075511131,3.3623832440958417,0.4006532295663209,5.719353031254854,-0.1881919136320851,2.202088200969005,4.950130646563311,2.110920950074574,-1.0801006807236169,-2.1241051369438453
numHidden 	5
numGenes 	48
minGene 	-5.0
maxGene 	5.0
popSize 	200
maxEvaluations 	20000
mutateRate 	0.2
mutateChange 	0.6
seed 	1523888296640
random 	java.util.Random@7eda2dbb
neuralNetworkClass 	class coursework.ExampleEvolutionaryAlgorithm
tournamentSize 	8
Training Set Training
Fitness 0.00782620770783653