-6.136857768229133,0.7698028664341036,-6.664571718389386,3.3224307500352865,-5.336952868136809,3.4779827592278365,-2.560331861511545,5.4375753393774655,4.092264917171903,-1.8809941634997474,2.4076605576373025,1.958963965962245,-0.994712058275085,4.37027090490428,-3.053078413346217,-0.5873752563088283,3.4299752389441536,6.75583558031349,0.6520837910512666,1.1017598047415902,1.9942882058462272,3.271418515086145,-0.9873199426029543,-5.575299672482211,-2.9504632790611347,1.8104080771615765,-2.0982553376539235,0.17431660204863264,1.574864712820661,0.39367323533889365,2.795003211043302,0.45078244453097105,2.4684080003384588,-2.1202023242702026,-4.277632291045854,2.5746672418366234,-7.886240679973298,0.7686926511427886,4.46791647188988,0.004910964455823175,-4.043921773368208,3.3103637571756552,4.011481460755931,2.9463101981830797,4.43038818990511,2.99194392257503,0.24442699140910273,-0.5262714844306405
numHidden 	5
numGenes 	48
minGene 	-5.0
maxGene 	5.0
popSize 	200
maxEvaluations 	20000
mutateRate 	0.2
mutateChange 	0.6
seed 	1523888296640
random 	java.util.Random@7eda2dbb
neuralNetworkClass 	class coursework.ExampleEvolutionaryAlgorithm
tournamentSize 	8
Training Set Training
Fitness 0.05833018972229767