-2.2768733081142565,2.5653137690180334,-2.560913364923761,-3.7868179226138055,-1.0447867543693112,2.6903793057087637,-0.09189849345332735,3.4329356612254327,-0.9348902035487011,-7.636248732902706,-4.106391196269796,-5.730185627388263,-3.8507696309355324,1.7040490443228071,-3.415012871239306,4.492449975626042,-5.459942642427712,5.042993361443187,3.648503677366707,-6.842567853243958,-6.474487166494296,6.629958492111058,0.03452364749710313,-3.8014755594625833,1.5866490495765406,3.4473489548751206,-5.470810322192689,-0.17404616229010728,-6.920896133335249,0.2654718469888657,-1.832377382804205,0.08261128695103959,1.0826024678298305,-0.05746326023644488,2.705775983063595,-2.2877945623571407,-4.395883484651718,4.81486003108291,0.8906553291884248,-0.7348876946558646,-2.555888168370779,-0.7756911100324847,-1.1263150993707876,2.500871089555788,-7.1783477335852375,0.1944708704352116,-0.4204053279680139,-2.958025169264906
numHidden 	5
numGenes 	48
minGene 	-5.0
maxGene 	5.0
popSize 	200
maxEvaluations 	20000
mutateRate 	0.2
mutateChange 	0.6
seed 	1523888296640
random 	java.util.Random@7eda2dbb
neuralNetworkClass 	class coursework.ExampleEvolutionaryAlgorithm
tournamentSize 	8
Training Set Training
Fitness 0.012280430348972396