2.2862472750535057,-1.1615155586612023,4.8975907868370605,-1.4902065795081252,2.589378694028999,3.6111397133577623,4.374926026570651,0.6146458402947058,3.25392893409637,5.934787192387702,1.8794368733787659,-2.265488683993624,-3.7644158600813964,-3.5546541512526884,1.0335744084517504,-3.5318958675634256,-0.4623657456806948,-0.619156496187209,2.5603427271824555,5.166785222611573,1.587028058495775,-3.5532874052930663,3.3772082421048903,0.6739686396624097,-1.1710265278617675,-2.3021836449985433,1.067636948286016,-1.7488650244892368,-0.9728971084369548,-0.24403686881472952,0.6315466362768293,-3.5937163644008328,-4.437128551784074,-5.021062947639853,-3.5711557847957835,5.29417070719489,-0.6530101449358915,-0.4931596356499731,1.155609295200128,-0.4763004017021021,6.187341286681676,5.233804939034942,4.530381589933745,0.5863397935096432,4.801966390125388,3.887898206057845,2.1183929100838474,-3.0895288015856672
numHidden 	5
numGenes 	48
minGene 	-5.0
maxGene 	5.0
popSize 	200
maxEvaluations 	20000
mutateRate 	0.2
mutateChange 	0.6
seed 	1523889058180
random 	java.util.Random@7eda2dbb
neuralNetworkClass 	class coursework.ExampleEvolutionaryAlgorithm
tournamentSize 	16
Training Set Training
Fitness 0.0065765589610331165