-1.1212811221360166,-1.2367078360787551,2.142400081274459,2.9404996006554684,-0.1530601126707689,6.498320093937867,0.17034098561116395,-4.532804676453068,-1.135064029129445,1.4013507357840442,0.9875345134900667,-2.310582753194869,0.8419364684249281,4.906901094667415,-1.563281437381594,6.4604282455304265,1.7062415721169075,-2.89640044879035,-2.6340816956812403,-0.9578522318446397,-3.958500873260591,-2.212429373414951,3.675317093547537,-0.4095061611854719,3.5001417523307174,-0.15411129347802,1.194881090904175,1.20139094362642,-2.611620641627318,4.438030681204617,4.63186324563942,3.7816633851117305,5.172223538834159,-2.2735356786460987,1.563635291542456,-3.6765106189239645,2.8715982226137546,-1.2467896582822457,-4.749869893302282,-6.1619586323849465,-4.010336483242709,-4.132580749535021,5.90150196095524,2.6433972435959863,0.16706793077572635,2.479708203473808,1.760438805331174,-4.096249665945349
numHidden 	5
numGenes 	48
minGene 	-5.0
maxGene 	5.0
popSize 	200
maxEvaluations 	20000
mutateRate 	0.2
mutateChange 	0.6
seed 	1523888296640
random 	java.util.Random@7eda2dbb
neuralNetworkClass 	class coursework.ExampleEvolutionaryAlgorithm
tournamentSize 	8
Training Set Training
Fitness 0.11088211666496925