2.139888033471845,-5.058215953305331,-2.0723355408268813,5.593906672460305,-2.24137910533747,-1.6652208048303336,-5.338556458222991,-4.624272823064179,-4.176225887250708,-0.9295794933956116,2.572776040708395,5.167271163107948,4.256750820743524,2.901017228678719,-3.2083415693530695,-1.4088321203828826,-0.5671803625393627,-8.112744645638395,10.124034953484706,-2.233510648838157,7.2361094796330905,-3.7636653252301984,0.9628419563435396,0.7168721441541287,8.979684025081468,-2.2240473081742143,-0.4704826121304052,0.07074135497210321,4.178598787127212,-1.5748179996613674,6.237202055331073,2.0633178224714745,0.5736079856818695,-6.1513211524943125,-4.967134210787201,2.7817289627991095,3.6254559272375624,-1.1814467731414062,-3.945881877496704,-2.3613165460010577,-4.665546930106378,-1.741382387225343,1.827470576674028,4.816813687679168,-5.512699351391598,2.5086242117723825,-0.26166285012753854,7.694927322331122
numHidden 	5
numGenes 	48
minGene 	-5.0
maxGene 	5.0
popSize 	200
maxEvaluations 	20000
mutateRate 	0.2
mutateChange 	0.6
seed 	1523889058180
random 	java.util.Random@7eda2dbb
neuralNetworkClass 	class coursework.ExampleEvolutionaryAlgorithm
tournamentSize 	16
Training Set Training
Fitness 0.061693050593546364