-2.5395090900371446,-3.0841867805374497,0.30064879308999704,-5.04955686217169,3.058962905783593,-2.412677213652303,-1.8626266475993831,3.846095622732907,6.225943573435296,-2.986459440057624,2.682574367698847,-1.8884636581158123,2.690584809911001,-6.874318712355565,-0.41046699174726886,-2.3530130442155044,-3.304792176251763,2.2991229562898323,1.6459143139863999,-1.5296846012715557,-1.9125258665407299,2.4613611826591804,1.3485647275167603,-3.175296626482032,5.127127437235213,-6.664256091663654,-0.07015131210445236,-1.5555391387534896,-0.841311338083076,-4.152929434134296,0.7558540361497327,-0.9556657762141435,2.892496554480065,-3.828215048709077,1.164052417451194,-4.239457335400154,-0.1599924918040514,-0.5153725503490266,1.9677728199751856,-4.152834086975644,1.4652772253574011,1.3352568531710194,2.2271083852408777,-1.1805960080296276,-1.7569294218749105,4.982488544450554,-1.5293542046986324,3.8356098049437732
numHidden 	5
numGenes 	48
minGene 	-5.0
maxGene 	5.0
popSize 	200
maxEvaluations 	20000
mutateRate 	0.2
mutateChange 	0.6
seed 	1523889058180
random 	java.util.Random@7eda2dbb
neuralNetworkClass 	class coursework.ExampleEvolutionaryAlgorithm
tournamentSize 	16
Training Set Training
Fitness 0.03247903393926152