-5.437805656120517,-6.209563834738138,5.708704799653226,-3.8278699575482675,-1.9975627875847852,3.104800046914283,-10.06457833673666,6.3771852636723425,-1.3656899322996705,3.2687713781123087,-0.8043176577848491,3.3272600236960876,5.248423025383364,-4.523439457537744,-4.75693780831013,5.671919320477517,-4.4447867501986495,4.510943822422347,-2.4723982669766214,-2.223282152407594,-6.566635540579253,-0.24418342807181903,0.02426629787641299,0.7448357158718754,7.564421820735438,3.0204328021518285,2.2074968828995147,-2.232624474330809,-0.2511210078937315,7.285550176314935,3.7009139050419315,-0.23961083162462027,4.357215046996107,-2.9069767028960247,2.5206935401237183,-2.6607186431253456,8.890065119581426,-4.625777841943146,-0.016910443954540666,-6.66368564447795,4.90490854992278,2.448973472493195,3.661021122980538,2.6845191712820404,2.6123627895889308,1.9255589003748304,-0.7483925264793464,-2.228608298959382
numHidden 	5
numGenes 	48
minGene 	-5.0
maxGene 	5.0
popSize 	200
maxEvaluations 	20000
mutateRate 	0.2
mutateChange 	0.6
seed 	1523888296640
random 	java.util.Random@7eda2dbb
neuralNetworkClass 	class coursework.ExampleEvolutionaryAlgorithm
tournamentSize 	8
Training Set Training
Fitness 0.02985956631858917