-2.983737168328652,-4.195138792801834,3.3324456893538317,3.466695504609625,5.609800423709674,3.3553965309890312,0.03767509930556456,-3.1145435106561825,-1.1335762584455158,6.405983413215171,-6.5498124826982815,6.241242564386162,6.757140061163165,1.7571424713339452,2.564854729115402,3.5192142280276673,-0.37774728122596657,1.6225618592047324,0.2499677911265168,-1.556683091829075,-1.2129209865831303,-6.205921474098363,3.599385369975312,5.028679104822869,-1.6256135908772444,-0.7433606791101421,1.27876965376938,-7.426602404587699,-0.7103702304570195,-2.6764340599147807,-5.918748449026306,-2.2178910234068723,2.611721151113402,-2.0902860231793943,-1.2292383623849177,1.3172542870285238,-1.4088051230128218,-1.2801188555855951,-0.33334933211049544,1.489967117528384,3.139281167584994,-5.4979115627077855,2.511118775868969,4.631023877371089,4.485533367805246,0.3001188235370197,1.761356395255266,3.5233138257122705
numHidden 	5
numGenes 	48
minGene 	-5.0
maxGene 	5.0
popSize 	200
maxEvaluations 	20000
mutateRate 	0.2
mutateChange 	0.6
seed 	1523888296640
random 	java.util.Random@7eda2dbb
neuralNetworkClass 	class coursework.ExampleEvolutionaryAlgorithm
tournamentSize 	8
Training Set Training
Fitness 0.07717268014903667