-6.177511842218557,-6.037291904933991,0.4091635557960275,-2.410845116689924,0.7241348766104908,-1.8754060876204557,2.43425025970618,-1.4096910149773625,5.506689178895963,-5.40605311150416,-4.6379597811316815,-2.623267848308665,-1.4102220976519724,-4.00883419874413,0.04469515718056516,-2.5321271692337883,-4.540115532937472,0.3161019617187131,1.6791028283300298,4.423791943155464,0.5760968023040812,3.042999354461804,7.094199087529933,-2.7660481992001777,1.5660078274660063,0.6714693734353935,0.5762511824042402,-4.827406744398235,-0.31673432559754056,-1.4281052963443175,-1.855580078596204,6.245228452753134,-4.016964945733781,-0.33595700380731974,-3.870069126542392,-2.242590235408603,-4.63110324768884,-0.5194394311165597,-6.13429386264357,2.0560843164508755,2.57448007290134,5.492414951408636,-0.5406826660155378,0.5254752010061831,1.6653868957210167,5.411230643313868,3.600641011805035,2.4635804770943515
numHidden 	5
numGenes 	48
minGene 	-5.0
maxGene 	5.0
popSize 	200
maxEvaluations 	20000
mutateRate 	0.2
mutateChange 	0.6
seed 	1523889058180
random 	java.util.Random@7eda2dbb
neuralNetworkClass 	class coursework.ExampleEvolutionaryAlgorithm
tournamentSize 	16
Training Set Training
Fitness 0.047672842581276104