-2.2608326867116255,3.802314968944264,0.09629975520900458,0.2394789383589867,-1.7637702078201247,-4.180867383781644,5.269472683215495,-4.4523463295606724,-5.469802830807454,-2.740049918311159,2.4352480287347538,0.40114107137386734,0.37009934201162353,-0.033321533676235804,-2.2961092314493263,2.2358962534825175,1.1809457994442911,-4.783065307282546,-4.390335555091361,-5.217623249783962,4.5921272296403775,-5.511390496741716,-2.3389041921861735,2.092929255240831,-0.6014536908068787,6.247110927548091,-1.8841086305890133,4.27210537477343,1.6263144229438655,2.804557886652864,1.7111377282900309,6.6320368229997975,2.9830585329157864,-3.438462218291209,1.9188611530377342,0.3375805457261558,4.343582064949823,3.6658587100142244,-2.3010149289902815,6.011019139222622,-6.145175844015254,-4.890934380544906,4.686169835248645,-2.3663131612767883,0.1397746754296293,3.530307336594837,4.073973069721656,0.011959462145194388
numHidden 	5
numGenes 	48
minGene 	-5.0
maxGene 	5.0
popSize 	200
maxEvaluations 	20000
mutateRate 	0.2
mutateChange 	0.6
seed 	1523889058180
random 	java.util.Random@7eda2dbb
neuralNetworkClass 	class coursework.ExampleEvolutionaryAlgorithm
tournamentSize 	16
Training Set Training
Fitness 0.12616722398901659