-6.601745620024199,-4.135593397575443,3.7345978627360736,-4.9606621222099445,0.529253249809886,-1.4560362639762965,5.064747007750423,-3.8138036391325,3.600926270063862,-2.2143665653994993,-2.0147209598913047,-5.026723651131654,0.7904672487578354,-3.0510036267444516,-0.5075475982140644,-8.038040819651208,-3.238179015732536,-5.405263901066657,3.0253387351899628,3.757939754439173,-2.188296027447902,-0.09821709585486182,-0.17162231792359783,2.493115922514899,1.3850719275619565,0.26666687659257227,5.69993885329218,-1.181007261849901,1.9690349481475935,2.860968449085134,-2.523291078901854,2.673620849861059,-0.7410192386270132,0.8231529412566322,-1.0552631856615853,-3.9092652137334465,2.5879317544360076,6.1739571229334835,-4.778516516097797,0.6388963308967629,-0.2800657364339406,2.069893670156792,-2.58075804666782,-5.889908955215773,-3.5694660666408313,2.647325514628123,4.178806158119524,1.4213588581242442
numHidden 	5
numGenes 	48
minGene 	-5.0
maxGene 	5.0
popSize 	200
maxEvaluations 	20000
mutateRate 	0.2
mutateChange 	0.6
seed 	1523889058180
random 	java.util.Random@7eda2dbb
neuralNetworkClass 	class coursework.ExampleEvolutionaryAlgorithm
tournamentSize 	16
Training Set Training
Fitness 0.01693322932506598