2.730990691981097,5.0038836101254685,-2.235000841366254,0.9998065478604272,-3.1138233124193686,-2.7372942935481994,3.0443998586201433,-6.333224146023472,5.503906977155739,6.971400918591844,2.2020584588867753,4.192897015687975,1.908435687643275,2.0057247252137724,-2.6408331488925465,2.473939662974026,-5.687823459276318,-7.830734851616785,-0.612295464641847,1.3772649641964128,-1.8652413286048901,0.15305919026710568,2.3641273320421132,-5.905507261128449,4.93446393856946,8.091542334547052,-0.7517160056052999,-2.0698455675403964,-0.15575447336031556,-0.3729517487405595,-2.5481683167869726,-2.7940647675165415,2.6517928261378403,11.557971147074802,1.0639383847914714,-3.77075204023705,1.9228745821958837,0.42108813604738293,-1.7819307744809803,1.6565205600404846,-5.560546041021179,1.746436218372116,-3.58782264099239,1.2757234142016558,1.3088415798365154,3.423523359765255,3.5356300637428073,-2.5607000883054085
numHidden 	5
numGenes 	48
minGene 	-5.0
maxGene 	5.0
popSize 	200
maxEvaluations 	20000
mutateRate 	0.2
mutateChange 	0.6
seed 	1523888296640
random 	java.util.Random@7eda2dbb
neuralNetworkClass 	class coursework.ExampleEvolutionaryAlgorithm
tournamentSize 	8
Training Set Training
Fitness 0.05444424146320367