1.3584915630409369,-5.029750968761911,5.098677758971616,1.342354265441298,-2.883395963986249,4.6239777364611925,-3.194320794884086,1.3848956442084885,-3.2057474972151567,7.788787597404413,-5.461543408191627,3.7499931623273173,2.1503588680456076,-5.380516212826639,4.121608016962556,-3.793826890938841,0.45953176901891746,3.0163351049830833,4.2234892165160085,0.8121822006615421,-6.4466351616054,-4.23968672991034,0.44478154695499084,-3.372175575424378,-3.3214297676708178,3.1106163359472543,-3.6068605290028013,-0.2766308308443888,2.6417791014969523,-2.4214495131346303,1.553010256748987,3.1236713513482925,2.5674934254135353,-2.6608893255604724,-0.37738956057119055,3.3266678934369174,0.16480028148569725,-4.098633975747919,0.9654357920831387,-0.5480747747541889,-0.7198900496502071,2.6310198007188004,2.5115705313359573,-1.896571724237127,2.107316313166866,5.903286688327057,-2.9555491776128884,2.2718211777708524
numHidden 	5
numGenes 	48
minGene 	-5.0
maxGene 	5.0
popSize 	200
maxEvaluations 	20000
mutateRate 	0.2
mutateChange 	0.6
seed 	1523889058180
random 	java.util.Random@7eda2dbb
neuralNetworkClass 	class coursework.ExampleEvolutionaryAlgorithm
tournamentSize 	16
Training Set Training
Fitness 0.09702578682192424