-0.15911690329545203,-6.148277594168391,1.0834709327781924,-0.3689872572624553,5.046038472961838,-5.64327622804612,-1.1323061998363273,-7.822516304553052,4.202656025761538,2.5276883881452075,-4.396441536443012,-2.5194018782696195,-0.5076259427521733,-7.900711283092326,0.5031182816380607,5.564601070332718,2.006959580005651,-1.9916334543395124,-0.1090514300807165,1.623011666965109,-1.8292904756617299,-0.32728879224405394,2.3208446084964347,1.1954202925958533,-4.118582772303884,-2.560573027005326,1.2529111109197406,2.183878564471615,0.7649813067653525,0.8926031195852265,0.16678416359804937,2.968319068053325,1.5406918049602836,-2.884929389040623,3.9199391894582045,4.066764511525688,-7.341321443647659,-0.5333859406550127,-5.744271685723214,1.2349255037296585,1.097965849721875,3.17108009043466,-2.3759920148930402,-2.988899977035798,2.3030220205911442,4.797406575681787,0.8979099084172085,-0.3138699116663586
numHidden 	5
numGenes 	48
minGene 	-5.0
maxGene 	5.0
popSize 	200
maxEvaluations 	20000
mutateRate 	0.2
mutateChange 	0.6
seed 	1523889058180
random 	java.util.Random@7eda2dbb
neuralNetworkClass 	class coursework.ExampleEvolutionaryAlgorithm
tournamentSize 	16
Training Set Training
Fitness 0.03752313821256177