2.243850234611611,0.47938051738805687,1.6305372753879324,-3.5117236117829727,5.956551895910051,4.31942910551426,3.243026591208708,3.8303555599471943,1.4213277176612062,-5.863450451202513,3.297076778837634,4.8282105790475764,-2.1184920860524095,2.9799790474051795,5.817496005411215,-2.5075093105684405,5.245336540114724,1.8097837382179014,5.6484772907075715,0.04795598185841521,-2.5764678355327706,2.1702711385021045,-5.030069738828673,-5.5693615905511065,-2.063375900981956,-0.1841667367499864,-1.5532229394923869,-0.1620227865612467,-1.4970838515459373,0.30993969071826544,-2.5824253809578304,-4.119032412462182,2.1870712026105457,2.6777570910288646,0.0042119816847068225,4.803370654265839,0.27094926374328365,0.2651471757277505,5.81232525407804,1.1615528982652643,-0.09752611884186746,-2.158450518126311,6.792460388308941,1.2995397947298404,-2.0150598392667542,7.881531489874513,-0.3550922876493846,4.507377164400472
numHidden 	5
numGenes 	48
minGene 	-5.0
maxGene 	5.0
popSize 	200
maxEvaluations 	20000
mutateRate 	0.2
mutateChange 	0.6
seed 	1523888296640
random 	java.util.Random@7eda2dbb
neuralNetworkClass 	class coursework.ExampleEvolutionaryAlgorithm
tournamentSize 	8
Training Set Training
Fitness 0.015456029707019158