4.739481705910254,-0.1622918572683455,5.23182549562692,-0.15499199181774492,-0.6194728541712632,6.22274328328891,-2.8806979683116296,-4.48796923326686,-0.8216864381099286,-2.423051025415129,4.381280350963333,-0.8820860102404996,-0.7251598080941747,-0.016941815833635743,-0.42191409343537434,6.093833449821018,-2.2203658777410578,-2.3228771992191386,-2.9352410847821786,-4.243343681517491,-4.365980163572471,2.919065143283139,5.730100754896149,-4.119864371749474,3.1640180922594565,0.17463067998367499,-0.4092048585096636,-0.26904215336538717,-5.638670140338089,-0.8504775310671479,1.5006996584007823,-2.5194707543277115,3.456231360072724,3.5531363516370367,4.897915324955237,-1.3517246946559482,5.509436310267489,-3.2423566163953765,-4.27770247487842,-1.686753211455292,2.147376762379553,-4.124920998420481,1.1025581552030852,3.3056831041062615,-4.787491957331868,2.983179867064461,2.909939738352868,-1.0881202149467049
numHidden 	5
numGenes 	48
minGene 	-5.0
maxGene 	5.0
popSize 	200
maxEvaluations 	20000
mutateRate 	0.2
mutateChange 	0.6
seed 	1523906216103
random 	java.util.Random@6193b845
neuralNetworkClass 	class coursework.ExampleEvolutionaryAlgorithm
tournamentSize 	16
Training Set Training
Fitness 0.09513432303872121