5.319661200280423,0.37988772783790714,2.5142250715809458,4.209319365660749,-2.9513783199827057,-3.6909955467716054,-6.139726130874201,-5.462796564612425,3.6921107124629553,-2.6639178637805783,-0.6054091184974847,-1.0657461559400656,5.366171630055122,3.539878364390375,-0.8499226764974104,-4.226973978963887,-6.062759041523257,-0.8245869004642575,4.09066196985958,-1.2028709966386066,1.4921369535835307,3.2811394606263895,3.048468401426911,-3.343323052136706,-2.1504013221636074,4.214294187051543,-0.0950780500791637,1.6641231878829115,2.506035212537429,1.7110650722996574,-0.9625554140008808,3.841925223239848,-1.4576691297923268,2.402650917499957,-1.5376754632289769,-6.152273120984529,4.428663174301473,-0.9209641157952136,-2.1991577194777006,6.124348824733987,-4.0544337441890885,3.657268318791093,0.5381353688292082,3.41039871556244,-1.8002990242528356,-2.116272937571897,2.5269743179116015,-1.100830704893954
numHidden 	5
numGenes 	48
minGene 	-5.0
maxGene 	5.0
popSize 	200
maxEvaluations 	20000
mutateRate 	0.2
mutateChange 	0.6
seed 	1523906216103
random 	java.util.Random@6193b845
neuralNetworkClass 	class coursework.ExampleEvolutionaryAlgorithm
tournamentSize 	16
Training Set Training
Fitness 0.07096559682763948