-3.1049080611998674,2.397441239254771,-2.4800293732411363,5.426986772428602,4.480952272358337,2.752108953578616,-2.501397105293893,-1.0067957457505203,4.035661243737842,-2.123128297468588,0.002790083097527707,-4.537918006870224,0.7381505410218022,3.4026276432971314,4.307871504108142,2.5699631463246004,1.1607944330170077,-3.9477264548929947,-1.8041996307851544,3.2811341104076934,0.07926502284427228,0.9899545812242403,-4.112073854402533,4.543778896214755,2.1681779039772335,-0.49062797790203394,-5.496020556215694,1.1354576567503933,-1.7097157083722387,0.10137156882928267,-2.6447078272918567,-0.0797991860577223,3.408650798085716,5.577440483216693,1.3582677306536568,-2.537967857202221,-0.7471453403397588,-2.265205746204763,-2.2743711238488067,1.3058590051751433,-3.5177332023339156,4.353082417157561,1.4165572668133724,1.1489631457016287,1.7650632076754373,2.592183894094404,2.00129023171695,-1.4099441940530042
numHidden 	5
numGenes 	48
minGene 	-5.0
maxGene 	5.0
popSize 	200
maxEvaluations 	20000
mutateRate 	0.2
mutateChange 	0.6
seed 	1523906216103
random 	java.util.Random@6193b845
neuralNetworkClass 	class coursework.ExampleEvolutionaryAlgorithm
tournamentSize 	16
Training Set Training
Fitness 0.09755552825675258