-2.4818356918989055,4.548692480529655,-5.594182276270615,2.540887351984837,-4.240674644473575,4.744101399349287,1.5591197186090908,3.2088888563250055,4.6966300424866265,4.566801849434578,-1.67584732651311,2.4984309606906083,-4.440697046701483,2.810443960017876,2.143017298420716,3.031569034867832,-1.9109980979661803,-2.2098566235568113,0.4898038240254957,1.489431379858536,-1.7074728312469567,-0.5009841885429626,-5.2656579402991,-2.4215257369069283,1.3499044590529254,-0.9635529387016183,-0.9394452383287183,-0.4025967155088833,0.04670493412094723,-5.657912513848291,0.04979341688449512,1.7721985403069107,4.306536543593587,3.821678833920144,-3.849827824638585,-0.07684939985654893,-4.633814958545133,-0.17875973054094807,2.5833092369046002,-0.37452959845464007,-6.808207619982763,4.476615089165669,3.766111737576892,2.401860948444768,-0.4683684205148694,4.354943726427609,2.4876073393991267,1.9842884848511932
numHidden 	5
numGenes 	48
minGene 	-5.0
maxGene 	5.0
popSize 	200
maxEvaluations 	20000
mutateRate 	0.2
mutateChange 	0.6
seed 	1523906216103
random 	java.util.Random@6193b845
neuralNetworkClass 	class coursework.ExampleEvolutionaryAlgorithm
tournamentSize 	16
Training Set Training
Fitness 0.020665736488611627