-2.9429350589366448,4.642671966217899,-4.750220698333345,4.124637615033098,-2.7101085947014973,-1.5658070743448387,-6.960574146951248,4.924122042038201,4.965936428199581,-5.878146757115437,-2.2796154798941575,4.094106356853439,-1.7903022616260253,3.0762761227743436,-2.1600739099028123,-2.3760097366852855,-1.7603259592143043,5.490548523286922,4.042767147311184,0.8950399237540548,-2.7123643886757978,2.0866414208727275,-3.6173110463423632,0.3374186679115765,4.994088921078944,-2.937179633406937,0.97340270244358,0.6409701930548938,-0.47787341260563576,-0.9363137383150689,2.4041106512187356,2.30513748187106,1.7982179904140123,3.230475924351919,-3.871778928142733,-1.3863889767450477,-3.820832617340453,-2.45727993674103,5.328936900632257,0.99984118396337,-1.5809490956917691,4.210015851867983,3.662856400697595,2.1025323470058472,-0.7332579902337988,4.528726133678241,3.8079750622261135,0.8044261247615321
numHidden 	5
numGenes 	48
minGene 	-5.0
maxGene 	5.0
popSize 	200
maxEvaluations 	20000
mutateRate 	0.2
mutateChange 	0.6
seed 	1523906216103
random 	java.util.Random@6193b845
neuralNetworkClass 	class coursework.ExampleEvolutionaryAlgorithm
tournamentSize 	16
Training Set Training
Fitness 0.03959824984162308