-1.5540142457519872,-4.688054616433148,4.392170228038967,0.7199096243261868,5.046896579196303,-0.1647396506340677,5.456025098291581,-1.0040894395929199,6.337802529747243,5.303040295114807,-1.0979062228236587,-3.5109660050994855,4.7798446373318395,0.2638250694955804,5.6690507143554125,0.46087212188938376,2.435444096652746,-0.9814990041015245,5.363654041522526,3.593821132427658,2.7725711646345785,-0.16244953945735696,-4.626909761430948,-2.873625790203149,-0.8772208691914766,0.7865003731336416,-0.993274672815761,-0.6506240713752788,-0.3999984904532674,0.355366327740572,-0.48758857751963103,3.3987846674589957,1.70347229779189,-5.622652548925159,4.641545109245327,-0.15554794422446605,-0.07240532834953939,0.34351112932137917,1.769553976422999,3.621173477946489,-2.4556950568822993,5.911516594451339,-1.1831603966179642,-6.5677556127496795,4.769216748394138,2.3825296276182795,2.2008674594430855,-0.4341743112185764
numHidden 	5
numGenes 	48
minGene 	-5.0
maxGene 	5.0
popSize 	200
maxEvaluations 	20000
mutateRate 	0.2
mutateChange 	0.6
seed 	1523906216103
random 	java.util.Random@6193b845
neuralNetworkClass 	class coursework.ExampleEvolutionaryAlgorithm
tournamentSize 	16
Training Set Training
Fitness 0.07050864395919937