-5.229098056805465,4.128089845458675,0.7446253829764459,3.243788324342809,5.310598999276969,4.1372960839121795,3.3855338064503004,-4.854835385735478,-3.305511560935277,-0.07373907247662981,-0.6675548738570715,-5.437868259484307,0.09578392808918501,1.6389116945470974,0.9467813452886716,4.8040929991557455,-3.72599781628614,-2.135558432254509,-1.765561274499904,5.416994956956131,-0.39608197523774646,-2.2742708211257963,-0.5356073500103565,1.9179647553387946,2.360046613300751,-1.1551623876622013,0.268177839263253,0.42781622430461186,-0.7108980061279092,0.7632374025202463,1.1038347798593082,1.6139968546545669,4.862035000271037,-4.349108059688167,5.113425619111553,2.095398486483032,-2.030149710346941,4.880889154829289,-5.498588220890472,4.864056258290924,-1.7110031975391604,-4.932007399961881,2.4033280037725073,-5.178759084190054,2.553564946114512,3.4304390958817343,2.8552383600434696,-3.2769749649425273
numHidden 	5
numGenes 	48
minGene 	-5.0
maxGene 	5.0
popSize 	200
maxEvaluations 	20000
mutateRate 	0.2
mutateChange 	0.6
seed 	1523906216103
random 	java.util.Random@6193b845
neuralNetworkClass 	class coursework.ExampleEvolutionaryAlgorithm
tournamentSize 	16
Training Set Training
Fitness 0.08224517215744656