0.03365968360813043,4.274698982425515,-4.658600214189417,-3.410728022360003,-3.572997274542995,-3.9291576340764025,-3.0414054067355356,0.2336051790306639,-2.467252491242499,5.30671422359522,-0.6607890948158929,2.5951614056958507,-2.5350747138288923,-3.7083318892080723,-0.5276373676765661,-5.870144763508467,3.0064329233902636,-3.3392338191123283,2.9997961886556386,-1.953024380727297,3.7773461614784654,2.7663951184730626,2.482047163505267,-1.7156816492542335,-3.5888609222882564,-1.0783595752197503,-0.04767979117334087,4.076120086847441,0.4247348883254439,0.4025772718375741,1.9239669576536564,2.772386369029253,-3.666295006872188,2.058009658858832,-0.6266787405007476,0.7749053822675306,-2.8090207979484987,-0.3898090402889297,0.8631099306678225,-0.07042989519471765,3.746438177939814,-0.6418757282978943,2.367588708027936,0.8527743802891639,1.740744891710977,3.4237279837786114,2.6373404368407303,-2.611034622716562
numHidden 	5
numGenes 	48
minGene 	-5.0
maxGene 	5.0
popSize 	200
maxEvaluations 	20000
mutateRate 	0.2
mutateChange 	0.6
seed 	1523906216103
random 	java.util.Random@6193b845
neuralNetworkClass 	class coursework.ExampleEvolutionaryAlgorithm
tournamentSize 	16
Training Set Training
Fitness 0.08642806289022006