4.831867786266604,-3.5911603050511567,1.7638468747763758,6.77426057326497,0.7843664811734997,5.057820031231408,-3.670668324365949,-4.309275387500328,-6.120573901498501,5.235237053586806,4.389294614463075,-1.8472456135348998,1.2599856911557512,3.4042113557038594,-3.6532904215438546,2.200279309071856,-1.053611254715101,-4.396499768190555,-4.668333853317549,-2.664734625328444,0.09900945454323717,3.5917695955515563,-1.1544576748305988,4.799136254782786,-4.2319800827353085,-0.33876599450989087,-0.46781194678564597,1.2420775397950705,0.04906459809951902,-1.3911518406628982,-0.01705222095644565,-3.5747422418666934,1.9957804030763486,-0.1780864607995889,4.271846250069048,-4.777024142684271,-3.259802583205231,-0.12407441591527957,-3.8306034959700246,5.6116798658081315,-3.224619350884077,-5.425870274844447,-2.5217264405621704,0.84235883007174,0.22189606339067658,0.2621997889742327,0.5041998913780518,1.0747868113220709
numHidden 	5
numGenes 	48
minGene 	-5.0
maxGene 	5.0
popSize 	200
maxEvaluations 	20000
mutateRate 	0.2
mutateChange 	0.6
seed 	1523906216103
random 	java.util.Random@6193b845
neuralNetworkClass 	class coursework.ExampleEvolutionaryAlgorithm
tournamentSize 	16
Training Set Training
Fitness 0.038545207694918954