-4.656700639412566,-3.8586460608689115,-3.1236322206391334,4.897606895511618,3.7566811473910673,5.360449001222381,-4.901281440099642,4.843781110586274,-1.1026973499661463,-5.005410313379817,-1.186278093590166,-2.013604744079169,-1.6916816143718303,4.4851506882968675,2.251944192981222,-0.25014591735838354,-3.0187740564580743,0.1894730342546438,-2.450854657251543,-3.391161083880197,1.572047874078649,3.032075828958563,2.5445323702849567,3.166006258255277,-2.2976628287727743,2.352654278574979,-0.37128384260485614,-0.19526490542343777,1.5355563652848438,0.6792287363300158,-3.547738583668062,-0.6656415702392422,-1.902548329054763,2.3736383191698502,4.559881555873439,-4.881108444651737,-0.9733265768178594,-0.25780950886196474,3.7033092691180993,2.2805016000289235,0.8735924792764415,-1.5731976967263628,5.722818387094705,-1.391281487646538,-2.4919622411649427,2.622002777073148,1.7153427122477045,-1.1631060585319126
numHidden 	5
numGenes 	48
minGene 	-5.0
maxGene 	5.0
popSize 	200
maxEvaluations 	20000
mutateRate 	0.2
mutateChange 	0.6
seed 	1523906216103
random 	java.util.Random@6193b845
neuralNetworkClass 	class coursework.ExampleEvolutionaryAlgorithm
tournamentSize 	16
Training Set Training
Fitness 0.05834991277943727