4.431596856421223,3.4566010163786274,1.3007346371779596,-3.062031793923702,2.6676403673286053,3.5837505185715592,4.255845999149901,2.7722143118016476,5.193873388597741,3.474841299361275,4.871430165351676,1.8799342844312008,-4.271169653069981,-0.31999439271668884,0.9850950717642171,-4.004036901692562,4.412439439480291,-1.4794782665508892,3.3919146562591695,-0.5957525563388675,-3.5104733845664384,-3.643564335101056,-3.9888803126624266,-5.351473949795878,-2.405909677396208,0.06130355038705115,0.4586762752727438,-0.15691485817477968,0.1898130142063703,-0.1448553377466677,3.453319719672299,-5.64350752789474,-0.05782837518088435,2.859378374278992,-3.402566074556403,3.337676862273117,-4.237463384573459,-0.19478801664409673,1.528485075657846,-4.287439149732888,-0.6277292220576305,4.545770388812732,-0.44106008172581745,-2.158078401431914,1.7491494366290716,2.1711144683691304,3.608024077529782,2.7437250724429694
numHidden 	5
numGenes 	48
minGene 	-5.0
maxGene 	5.0
popSize 	200
maxEvaluations 	20000
mutateRate 	0.1
mutateChange 	0.5
seed 	1523870067717
random 	java.util.Random@7eda2dbb
neuralNetworkClass 	class coursework.ExampleEvolutionaryAlgorithm
Training Set Training
Fitness 0.06908480104376512