-3.1672872738757305,-3.3347000851866113,-1.3435504551238777,-5.445971846901028,1.583272619305446,5.314641587362566,-2.89091145106742,-5.553327866993101,1.1077095025545187,4.389012463539741,-3.2267197670283414,-4.06141174496721,0.7406102385688174,0.013622603424154889,1.1926927949260637,3.0143194982709076,-5.512016062318992,-3.6902000103990584,-2.521987829045278,0.6216433405085544,-4.048628302744332,4.619920604333343,4.198905033205479,-2.7470536695400547,-2.917398806573433,0.08640668268053986,-0.5052335626101003,-1.2870559021841528,1.9466430619840551,-0.07425122094895631,-4.002849078003924,3.453324728888731,5.9899942344681865,-1.0573428023663123,4.692481785984942,-4.515055213564382,3.967106227875073,4.029224821608727,-3.5918498720965983,-0.8545564249648336,0.21641578254734384,1.1332303198585976,-1.5524215678505375,-1.2239337858410506,4.360090281345759,3.8681675716479536,3.4818719502006594,-1.6886918941688531
numHidden 	5
numGenes 	48
minGene 	-5.0
maxGene 	5.0
popSize 	200
maxEvaluations 	20000
mutateRate 	0.1
mutateChange 	0.5
seed 	1523870067717
random 	java.util.Random@7eda2dbb
neuralNetworkClass 	class coursework.ExampleEvolutionaryAlgorithm
Training Set Training
Fitness 0.06261951019845763