-0.5455416846308676,4.457423038574531,-3.4290482902035118,3.1301371742711943,-2.627567953986802,-3.022163524346592,-2.056391681150073,1.7695989162803487,-5.062621665599079,5.474449348503246,0.14546718198144593,0.6889611980235113,0.4401159755374895,-4.27593691481465,4.307194883970158,-4.992813864094001,1.558704747049731,-2.630781616251064,-3.2582166410522078,-4.361467740593209,3.753310617236247,0.4281760287737848,3.5165659462541576,-5.660342754225563,-2.8420178884911405,-1.2500160027520097,1.1710446914600752,3.277112330432839,-4.720469473560531,-4.028953707592333,2.407506858001941,2.2282391232330143,-6.4181003451757235,3.0343659406150465,-4.229408831933819,-2.4789752598025183,2.2632152566668857,1.1856466936485655,-1.4446671789660397,-2.3549580593219464,-0.46824745844481797,-3.4867057899593346,4.191190873653111,-0.47060866421642444,0.3193495256430001,-0.2910088468954557,1.957472867883392,-0.2655474838121217
numHidden 	5
numGenes 	48
minGene 	-5.0
maxGene 	5.0
popSize 	200
maxEvaluations 	20000
mutateRate 	0.1
mutateChange 	0.5
seed 	1523870067717
random 	java.util.Random@7eda2dbb
neuralNetworkClass 	class coursework.ExampleEvolutionaryAlgorithm
Training Set Training
Fitness 0.08821427263059645