2.9257925813489667,4.063069525555175,3.5289031260785766,3.2980947470800617,2.1080742180690972,-3.4782712666562894,3.3094444388564206,-0.47332391367689475,-5.942927116152234,-2.9981744799666554,-3.794029294164435,5.6213283154596425,0.8145422023821585,1.585256331846212,2.6589955498373463,3.6165618103120103,0.38282140168905254,1.2275537181499727,-3.505275959650348,-4.9110909689576125,-1.635931226392826,-3.7662677834707523,2.8836329347028187,3.6741157985871915,2.3272197533141226,-1.4033271281898974,-0.28737249894977435,-0.6987224050596739,1.1550769359518593,3.8656468834014737,-1.4163674781829338,-0.7667230911859448,1.0563628427415548,0.658119696118308,-5.748443661514075,3.239608710876958,4.215875321221546,-0.09056241005164178,-0.5699077909087507,5.83388815752785,-4.057590425463566,-4.3775312201188745,0.15749236437553993,-1.6312638696765775,3.2846885072951926,3.1740488770311774,2.1712414942169733,-0.22446937114010623
numHidden 	5
numGenes 	48
minGene 	-5.0
maxGene 	5.0
popSize 	200
maxEvaluations 	20000
mutateRate 	0.1
mutateChange 	0.5
seed 	1523870067717
random 	java.util.Random@7eda2dbb
neuralNetworkClass 	class coursework.ExampleEvolutionaryAlgorithm
Training Set Training
Fitness 0.0852309128233637