-1.0521004740408255,1.4345285010128377,1.2418044280457465,3.650828155828501,-1.1255756060382955,3.315988245449131,0.4538991444881333,-5.174401387978562,-3.412723450597311,-5.884188766616667,-0.15412198835294344,-1.7701384517649639,-2.9347979244824183,5.191025829109055,0.5144783777152808,2.816457902398734,1.8596908242393422,-4.142569257302032,0.09977666644833949,-3.2104090216098804,-3.0255945895402334,-3.9117372913742,4.663663081314034,1.1312291880836325,1.282865636347755,0.16844553290874043,-4.211284088038645,0.17879554705601386,1.0165259429897127,1.1606032228025382,-5.2051071229761074,-2.6240565881436453,2.7615613973526454,3.8948979009679494,2.7270867068201294,0.2938768613453391,0.9736796917093766,3.2057043708797517,-2.779187910295569,5.404953480881634,-4.352581763561967,-0.6242710090116375,-2.763482396527227,0.2740497451023174,-3.2721231399344477,2.7692932076258376,4.596420681680669,1.5924664065581933
numHidden 	5
numGenes 	48
minGene 	-5.0
maxGene 	5.0
popSize 	200
maxEvaluations 	20000
mutateRate 	0.1
mutateChange 	0.5
seed 	1523870067717
random 	java.util.Random@7eda2dbb
neuralNetworkClass 	class coursework.ExampleEvolutionaryAlgorithm
Training Set Training
Fitness 0.03903867465792182