-0.46129145243016634,-4.037792509811345,2.414505656309391,0.8610042823279924,5.184083918087024,3.9319794206618486,-2.847233315577956,-2.2017165437129123,4.716981840732402,1.8988599293268198,0.12367447678133647,-4.221251760991765,0.4848078356236387,-2.2197728956400153,4.82664993511696,1.7147998035503544,1.2929070580843387,-2.4977045749150317,3.1863033043113145,4.813094239178101,-5.364158085064009,3.667868241003907,-3.0255852493413027,0.25666049234631316,0.25295948421664605,0.6029770556301131,-4.967777372380589,0.9534127871566174,-1.5809908606821823,-0.6388952014256386,-0.5166000183936248,-0.17125209407503394,4.203983781164958,-1.332191262545459,2.1292988771072183,-5.230067209855498,-1.6626024718658519,-2.072460264019642,-5.522183312624896,-0.714929531892194,1.048231297307412,4.148081679272991,3.2457163783478453,-3.4487850641234408,0.2673856678678437,0.029820419104718887,1.8918641057333225,-3.8055321343418487
numHidden 	5
numGenes 	48
minGene 	-5.0
maxGene 	5.0
popSize 	200
maxEvaluations 	20000
mutateRate 	0.1
mutateChange 	0.5
seed 	1523870067717
random 	java.util.Random@7eda2dbb
neuralNetworkClass 	class coursework.ExampleEvolutionaryAlgorithm
Training Set Training
Fitness 0.061102689908442157