1.9161452024298837,0.48119357025803566,4.222703202216072,1.995809723668799,-4.638053687438294,3.8918071934606555,-5.175712451218615,-1.2196640243498313,2.8903256029300817,-4.02846826197502,-0.3160254953870769,0.49524879451048065,3.831034174389478,-2.1698322514473616,-5.079212920412912,4.869188784204592,-2.635118634703653,1.8668281329916638,0.9038810917562881,-0.7571432916159866,2.9898468958833817,3.344342807125595,-3.4021574890532595,1.0745784982327224,3.7462538019633183,0.5764577374616264,0.5236959674468356,0.8935820888463244,-1.715181743584239,1.9653032567211897,-2.9606286312558314,-4.597317914153837,-2.1499240757925566,3.774229639476527,1.8104416835156991,-5.1756366275293075,0.19044715032271675,-4.302463279421179,0.2800920818335957,-4.176154105353824,1.956344553707992,1.8415008311770462,0.30757123249329776,3.2225850615545557,-2.963445416332841,3.330752558368129,4.4242106646713,4.759937227131086
numHidden 	5
numGenes 	48
minGene 	-5.0
maxGene 	5.0
popSize 	200
maxEvaluations 	20000
mutateRate 	0.1
mutateChange 	0.5
seed 	1523870067717
random 	java.util.Random@7eda2dbb
neuralNetworkClass 	class coursework.ExampleEvolutionaryAlgorithm
Training Set Training
Fitness 0.08928446934645548