3.440801575952415,2.0582630639888393,4.5062441644833875,-1.2013126582594156,-0.6278373197938238,-5.156138629676363,5.064213313822936,1.755464402340273,2.188339125579538,-4.440014396535297,2.7280884064064814,-0.8750163975382197,-3.1698928857674034,3.280920938612063,-3.5305119555605113,-2.698178306342207,3.6965262221911246,-1.221512044531016,4.908976997795051,-0.7726570957150471,4.7193936630549285,-3.8845112341391492,1.9941772456097304,-3.2503256585896914,4.900288740589906,0.1916912244573048,0.12346941345422113,3.256488110820767,-5.251189105486453,0.5833637186184433,4.926492772961968,0.19579323455986852,-3.498166808117377,-1.85076892708086,-2.346999392123125,3.157054759441939,2.0054479848272795,-1.4795702516293052,3.052529425720838,0.2505496235020779,-0.850941252160009,3.776351609673032,-3.9803036217511276,4.239193119100349,-3.6291061187121523,0.6663255059713169,-0.6683328848012398,3.6775123048036065
numHidden 	5
numGenes 	48
minGene 	-5.0
maxGene 	5.0
popSize 	200
maxEvaluations 	20000
mutateRate 	0.1
mutateChange 	0.5
seed 	1523870067717
random 	java.util.Random@7eda2dbb
neuralNetworkClass 	class coursework.ExampleEvolutionaryAlgorithm
Training Set Training
Fitness 0.05924654759299061