-1.241741619245139,-4.131901816558718,3.584670790035525,-5.414999870957905,4.457513788780064,-2.4015907422737515,-2.766491801518185,-1.1200661728455197,3.4691545129220724,4.606234069842213,2.26384404670919,0.6112536860697855,4.67433760350931,-1.5464850392417393,4.349210981731387,4.194349196782095,4.329973734959022,-2.775087152364634,0.25950615215532125,3.790045405052661,1.2515267752527013,1.0045169161720864,-0.7309747148575738,-4.454067027929461,0.5315218018242103,-3.2494216909483287,4.824111209256701,-0.06461367083295144,1.5369466338217137,-0.33562010945574006,0.002560174950212435,2.1160567813635156,3.3291415237659887,-0.5434741382298118,-2.375080289419153,-1.5309288544487893,2.3877998108896676,-3.358368611500939,-4.553916775960658,-4.299525887341085,1.147826723205121,5.139586658506975,3.0962841613695655,-4.170734517563618,4.56012755647318,1.897214731965394,3.7912955349169977,1.2579752516935114
numHidden 	5
numGenes 	48
minGene 	-5.0
maxGene 	5.0
popSize 	200
maxEvaluations 	20000
mutateRate 	0.1
mutateChange 	0.5
seed 	1523870067717
random 	java.util.Random@7eda2dbb
neuralNetworkClass 	class coursework.ExampleEvolutionaryAlgorithm
Training Set Training
Fitness 0.02885213352250351