-1.231428301907643,4.824813325102527,2.7501948970983943,4.674472070003347,4.969995762560625,1.0315437759904942,4.655093400971493,-0.73476049641706,-3.932241843454624,1.407235580097356,2.0262283346495593,-0.15797012804483845,-3.301493053796264,4.438282627746663,2.072761823620395,2.184181932594104,4.315675905684593,1.4829762683345704,-4.155992358319821,-3.7772502660892826,-1.9150761864259551,-0.8634666023746354,0.7617397855969035,0.4012281843175902,0.8993708592740948,2.8327199178387534,0.013251615419301643,4.729985545365418,-0.4740181490035944,4.352282984503001,-4.394185660879249,-2.614128947621255,-2.41847853452841,2.234740357544583,0.12627604806329984,2.881191062306625,3.453032881687797,-2.8351701182881186,-0.5170733446313669,3.804651354296416,-2.158510665966186,-3.278296209530999,1.7451911168613847,0.5654620067660732,4.341525663856656,1.214284943432828,3.034217813406121,-4.873119673759826
numHidden 	5
numGenes 	48
minGene 	-5.0
maxGene 	5.0
popSize 	200
maxEvaluations 	20000
mutateRate 	0.1
mutateChange 	0.5
seed 	1523870067717
random 	java.util.Random@7eda2dbb
neuralNetworkClass 	class coursework.ExampleEvolutionaryAlgorithm
Training Set Training
Fitness 0.07236097211935667