1.8582487363570908,-1.7773135116326682,3.6589419463879373,4.8849095681283385,-4.342025589469228,3.9494584625238205,3.9734741367181377,1.3222077735672952,4.817638244197987,-1.839940426607547,2.9575896977768585,0.2775922631962175,-3.8377611769021756,3.9353414633643236,-4.4817150902950935,-1.2836188375355981,2.475023238026085,0.09875324607875793,-2.1303689751350587,2.318464065213089,0.6704258847713215,-4.741052373126125,-0.7406266259525633,-1.426995542162048,-4.7233743478777335,3.3850188469291,0.6003631895359174,-2.7840161457884594,-2.7410101380772365,-0.4997831672936641,-2.750777514603364,-0.40604858020612994,4.617465185369804,-2.5279941876246905,-1.8400022997046293,4.774184756605642,-1.4538299439013598,-4.112221732310841,4.907566375197815,4.989986606740512,-2.7304853411964713,1.0244772128262305,-4.676221896353014,3.2106693526757635,-0.55999120350119,4.154926490486278,-0.5458102896180828,-0.8222597620418213
numHidden 	5
numGenes 	48
minGene 	-5.0
maxGene 	5.0
popSize 	200
maxEvaluations 	20000
mutateRate 	0.05
mutateChange 	0.01
seed 	1523816519395
random 	java.util.Random@6193b845
neuralNetworkClass 	class coursework.ExampleEvolutionaryAlgorithm
Training Set Training
Fitness 0.08143494968778271