2.5158851101000983,3.368060856700151,-2.580095093238029,4.839548652012566,2.88464452279052,4.926827097991417,-0.933841741070327,4.382383218306252,2.901357639084723,-2.8136240556643615,3.99276759673699,0.49550692053264295,-2.992057974551738,1.4682504931490248,0.7542943378281688,3.490415222127305,-4.835703100413297,2.755718757789097,-0.07816715184117147,-4.265157035096033,-3.1084526350239483,0.6329210219502611,-4.209113182276059,-3.9150218860546335,-1.10532730667234,-1.5578806341105065,4.684776795698092,-0.06919277098284848,3.740301601316021,1.5640628792481923,-0.380259438349956,-2.6807009436224973,4.471309314388763,-3.441285845830665,-0.8858680710672453,2.67928276402977,-3.5940853452116914,0.7330274504307219,4.957343249288512,2.0467462064934683,-2.1527700709489896,3.3453416371511207,-3.929764656188083,-2.1983986190987976,-1.860029050314146,3.8654157651219823,3.304592672752232,-0.1528842542777357
numHidden 	5
numGenes 	48
minGene 	-5.0
maxGene 	5.0
popSize 	200
maxEvaluations 	20000
mutateRate 	0.05
mutateChange 	0.01
seed 	1523816519395
random 	java.util.Random@6193b845
neuralNetworkClass 	class coursework.ExampleEvolutionaryAlgorithm
Training Set Training
Fitness 0.06445573827480919