-1.6755009487186854,-4.479082246923641,4.967391453484496,-3.9155383010449207,-4.134921905905683,4.57130714791923,1.0948354364365056,3.804606323901493,-3.6196133025643284,-2.658154667105803,0.5102434847020029,2.5953191332085277,-3.5978095418245903,0.9752330286467624,-4.956663405223601,3.5844256668531767,-4.5567915047050125,-1.5886642723342326,4.965461934580195,-2.6913625598923163,-2.910596901924433,-2.0627162544291977,-0.24345771522810958,-0.6956171673053503,3.1848957457543783,-0.1425957056538402,2.9209920022054994,-4.815976423497101,-2.296354249362502,0.22864346268894642,-4.845318539152492,-1.006995887729384,4.7197656844924945,-2.5167616788036873,-3.7342539953086193,0.18132723873470463,1.3314352808797687,-2.028479349344412,1.7177515828217047,-2.2203823247864762,2.3476141117057883,-4.250476217489753,-0.5936658270434148,3.692019591217128,-2.1212322386189233,2.051295285276399,2.8461870662803577,-0.8880141214541846
numHidden 	5
numGenes 	48
minGene 	-5.0
maxGene 	5.0
popSize 	200
maxEvaluations 	20000
mutateRate 	0.05
mutateChange 	0.01
seed 	1523816519395
random 	java.util.Random@6193b845
neuralNetworkClass 	class coursework.ExampleEvolutionaryAlgorithm
Training Set Training
Fitness 0.07763128330785402