0.023549462567469478,-0.8355055259865058,-3.965291520960483,4.836500219043357,-3.1242348311773287,3.557095156242656,4.9654907900003975,-0.19908511049675592,-4.839586531953946,-3.804122775943492,0.015355296346917693,0.49741566127451714,-3.984196653121058,-2.613201333881192,-4.88235381765245,-3.2961650402858345,4.25446234284175,3.0453309891371148,-3.157896324130528,1.9964516926623288,1.6435909714256756,-2.823229129012691,-2.248396230066396,-4.01067665362904,3.7003109945541075,3.7784489208610097,-0.20659633937417254,-2.8804737750627334,-2.893478083833869,1.496218489083942,-2.102098034716499,4.789173959429795,1.888657925508671,-3.800368971108771,-1.826318626098184,4.978033685415688,-2.6004229020739476,1.2776024531434038,3.923141302486897,3.7091147098108257,3.897626467754945,-0.8220077964371969,0.05436176539850954,3.675050641731956,-1.5962289019320908,4.971470074356493,-0.6807184405156597,0.6452880168492627
numHidden 	5
numGenes 	48
minGene 	-5.0
maxGene 	5.0
popSize 	200
maxEvaluations 	20000
mutateRate 	0.05
mutateChange 	0.01
seed 	1523816519395
random 	java.util.Random@6193b845
neuralNetworkClass 	class coursework.ExampleEvolutionaryAlgorithm
Training Set Training
Fitness 0.07740072731741235