-1.4322880256998547,-0.5546296677957754,4.309180378572375,-4.987783740203036,-3.947098096400877,3.21479868635936,-4.455733213519272,-4.135551048454718,1.1153765417559967,-1.986900352701774,3.1300829661280174,0.2826006347302732,-0.16858222474716494,0.6861237887746441,-2.2247794040922635,-0.7998518697220496,-4.99410953857422,3.316089186754607,0.8704741485237911,-3.259181145227952,-3.236921625054807,4.503080916300767,-3.9706382857332314,1.3747983558877814,-1.3460448114575922,-2.187047968429451,-0.5157985462630394,2.5181096652562376,4.121667347052132,0.7536465300452363,4.276548726354878,-1.2068331802849583,1.1040116657025134,1.3910899335346996,2.9730950205160154,-3.8590162884701917,-1.4087109477976076,-3.019065531037148,-2.1366611964961244,0.6706493812094937,-2.0277545260126644,1.3437328378195361,-4.157484483825704,4.056191391641669,-0.1467375347476441,4.075972960821442,2.4146319605637494,-0.2649738473975863
numHidden 	5
numGenes 	48
minGene 	-5.0
maxGene 	5.0
popSize 	200
maxEvaluations 	20000
mutateRate 	0.05
mutateChange 	0.01
seed 	1523816519395
random 	java.util.Random@6193b845
neuralNetworkClass 	class coursework.ExampleEvolutionaryAlgorithm
Training Set Training
Fitness 0.06523468598168009