-3.124469073299643,-1.2074600082812355,-4.555102340860589,-2.5296248998230104,-1.4805254684066012,3.688326160566149,2.7768876600711474,-4.784694157156811,-3.9780594370464906,4.0081958327210465,-0.7788803453255568,4.4954303616586575,-3.9843194567683393,-3.176083675820928,-1.5225249394395086,3.470378434646108,-2.729626360123402,-0.4698334378706335,-4.933799696404129,2.530306718615064,-4.613375553278619,-0.255418925040253,4.5839848801561995,2.12866953342506,-2.283577833551562,1.0079772872054817,1.7611910912057613,-0.0779647039580317,0.726720681851377,-0.45957751363328353,-3.671590119531667,0.2706881963759895,4.110688954184131,-0.4905441894725003,-4.803042336102406,-0.9127083804724292,1.7442761649087655,4.5269189448232705,-3.2441003544350955,-4.26919317011171,4.2709680468092674,-3.085753088081057,-4.634198450982201,-1.2332870608645943,4.410067242502154,4.98223165032368,2.7580845477994633,3.5935497788110053
numHidden 	5
numGenes 	48
minGene 	-5.0
maxGene 	5.0
popSize 	200
maxEvaluations 	20000
mutateRate 	0.05
mutateChange 	0.01
seed 	1523816519395
random 	java.util.Random@6193b845
neuralNetworkClass 	class coursework.ExampleEvolutionaryAlgorithm
Training Set Training
Fitness 0.05803257604389364