0.8356554026880035,2.040652243678613,-3.6725460918742843,0.7401766435844122,1.6378348982075375,-1.2972969604630014,4.977688038983725,3.760046189007213,-0.6362614331114482,1.1934034070871895,-1.5865228312683908,0.6668844015196064,-2.8231724553151314,1.0894162750052465,-3.0890706929796306,-3.3325731031339765,4.209525933034004,2.7585576247256207,4.738999455284564,4.753400703450483,4.785226830227057,-3.4544463446099067,-1.88320655472827,-1.4014912704926494,3.9025628117459714,-2.682450857250603,-0.08385799459900159,-0.017933216383578646,-2.548418764439662,1.7330390271065337,1.3805343563076145,4.393251366322756,-0.6406305456382223,1.4925609722413569,-4.285161240098865,4.177374337811404,-3.571198423342829,1.1016921832190416,2.489307473574249,0.8432700515579472,-1.9309518270933819,-3.782649381322037,1.2437943040291943,1.3649797804917654,-2.51817337700602,1.0627126191103828,-0.5685666031051381,-0.7955622477285316
numHidden 	5
numGenes 	48
minGene 	-5.0
maxGene 	5.0
popSize 	200
maxEvaluations 	20000
mutateRate 	0.05
mutateChange 	0.01
seed 	1523816519395
random 	java.util.Random@6193b845
neuralNetworkClass 	class coursework.ExampleEvolutionaryAlgorithm
Training Set Training
Fitness 0.043994193087158164