0.5528748809601128,0.8336316498181183,4.648980788596335,-0.3838278821651455,3.1132586138353346,-4.973755183641661,-4.970139741361166,4.426589897576452,-4.522110835515038,-4.554674850558646,2.4346759796672153,-1.474878742967464,2.2335868613065974,0.6472015414355808,2.5850996820739995,-3.776938303836598,-4.662513077112733,-3.046404828353489,-4.194175134289764,-1.8609890458668659,-4.413592858932834,4.202212283086082,-3.574923751475234,-4.2452609682085,3.4019745695487194,3.6734647431798955,-0.5922920155507061,-1.031306583329493,4.8080715117756645,0.658300483519696,-3.283429897927003,-4.544734778417439,-1.6403390971423288,1.3646376941208054,2.3645347231908813,-4.971553107761364,4.716763434670093,-2.831862186336808,-0.3315067473587573,3.0948041625902647,1.1647041795499238,-3.660893145242138,4.749596922213871,-1.356499087834658,-1.750876047621679,2.9713013669518515,2.6504183504567647,3.141715275536266
numHidden 	5
numGenes 	48
minGene 	-5.0
maxGene 	5.0
popSize 	200
maxEvaluations 	20000
mutateRate 	0.05
mutateChange 	0.01
seed 	1523816519395
random 	java.util.Random@6193b845
neuralNetworkClass 	class coursework.ExampleEvolutionaryAlgorithm
Training Set Training
Fitness 0.053268258696990284