-0.31090426238731084,-4.604579815403777,1.4952808640972752,-4.071229101674115,-4.804586760292232,4.991901404848987,-4.38143071226373,-4.879667110130551,2.530971695185535,-0.3230917309227927,-0.07825649305706676,-4.644239550007876,-0.10102348792965551,-4.9525420414788135,-4.309505339833266,1.902616196451911,1.5022608840267022,3.670949077744762,-0.5717700072182819,4.8911950782037135,-4.222883032090381,1.5743634488860787,-4.317829003070753,-0.552914397092886,1.8155766611700699,-0.025865991931944086,2.1009497405641975,1.2102260043899384,-0.38293681938047125,0.12784374117370836,-3.6392597748711513,-4.5636377972467645,4.34183932538491,-0.19624729354003662,1.228585357916755,-1.732479332822623,1.0602098808168916,0.33936422430814456,-0.19126298292841415,-2.3495228694407455,3.290680423883524,1.0895223952129751,-0.3049621141799381,4.268300183161603,1.9891836145284494,1.8239172360257894,1.0959603845581358,0.317983214468903
numHidden 	5
numGenes 	48
minGene 	-5.0
maxGene 	5.0
popSize 	200
maxEvaluations 	20000
mutateRate 	0.05
mutateChange 	0.01
seed 	1523816519395
random 	java.util.Random@6193b845
neuralNetworkClass 	class coursework.ExampleEvolutionaryAlgorithm
Training Set Training
Fitness 0.04007729856334477