3.605052880211396,4.614849696142693,-1.8752376533267172,0.1396505037701873,-3.3858967269186526,2.87576530442335,-4.327341742128348,-2.1850783342909663,-4.3622884270455895,-4.676206803656299,4.200818861319252,4.65180435324589,3.8956219629304125,-0.32373042111212486,-2.302216199878192,2.1486793612997164,-3.8909996993823404,1.9398712030434753,-4.768287552159918,-2.8038577951586414,-2.1997198124680803,3.47135161568652,4.676484038351173,0.5856318760777288,-1.8261162820833523,0.33010568773507826,-0.3748886702904253,-1.1949195879977494,1.0021949246831432,-3.339090935769819,-4.271434892381206,-4.873578972326129,3.1458852846977736,0.43487063501721135,-2.7737822457412777,-2.3028861330305723,1.6280584475180948,1.1434582967848486,-0.7400604926825647,0.7150587618505564,1.4942949569903146,-2.4895227060106855,1.2974492849533947,0.1614981332529871,-0.753361230601542,3.0430361285714174,0.6020742651130685,-0.8645273393388958
numHidden 	5
numGenes 	48
minGene 	-5.0
maxGene 	5.0
popSize 	200
maxEvaluations 	20000
mutateRate 	0.05
mutateChange 	0.01
seed 	1523816519395
random 	java.util.Random@6193b845
neuralNetworkClass 	class coursework.ExampleEvolutionaryAlgorithm
Training Set Training
Fitness 0.07729277211785701