3.9599891548791444,-4.218877600726228,1.5911065217944567,4.700306127916566,3.2373163658034105,3.1326943647072807,3.3608871285925748,4.237122381845093,2.205960394596881,0.9868745283868297,-1.1156793389076407,-1.6227484398079246,-1.9451410102457103,-4.2371270844771125,1.0996227128903273,-1.2600790667326676,0.8567919089161871,-3.341128067616202,3.1252863945833993,-3.8038930296801885,-4.633062201063117,-2.068086680133827,4.961505783608044,-3.054833081906415,-3.8084373261556825,0.14042753444645478,-3.281843976028714,1.9752964152724182,-4.517969209451902,4.380820607678328,4.380766393362168,0.24511243323086498,3.1052768126141617,0.045420182252879714,-3.1064930578478447,-1.032951031438008,3.115987867135613,4.905048513924834,-4.457772959623506,-2.492967786817846,1.8532246010418174,-1.6533996692346684,4.789103990687332,3.8510515939444945,-3.4883897205302707,-1.2334433930566249,4.668538091163317,4.26574745091626
numHidden 	5
numGenes 	48
minGene 	-5.0
maxGene 	5.0
popSize 	50
maxEvaluations 	20000
mutateRate 	0.05
mutateChange 	0.01
seed 	1523820691699
random 	java.util.Random@6193b845
neuralNetworkClass 	class coursework.ExampleEvolutionaryAlgorithm
Training Set Training
Fitness 0.17458374070197552