3.923242647469653,-4.164387701246319,3.348921520127732,-1.4206216248054715,-4.155537893986637,-3.1868736628582237,3.8556447220674226,-2.335857441335695,-0.20116894535784371,-2.5921918217913134,2.965685239076996,3.784840468642174,0.4027746004510866,2.8331677006298013,0.8128113347770102,-2.3968397043026464,-1.0320743055862192,0.6106984091447271,-3.8430886427875075,-3.608738416725439,4.870337135166146,2.6527311881453883,3.8221832110013243,4.605187830620228,3.0147025832209122,2.7469395519107103,-0.8063470556071198,-4.7650628600583795,-1.5027253430671557,-0.9760318983193308,4.749935510061538,4.911136258725649,-2.0011020245608666,4.9724869973610915,2.7498645161250286,1.0223890271680647,-2.7757313912662838,4.065221898970185,-4.235909462191311,1.7946059845734388,-4.114715650001935,1.1393823498285078,-3.354891597511793,2.6295312218566993,-3.145348542621962,2.4791293302102426,2.657956757906892,-3.8950974686678808
numHidden 	5
numGenes 	48
minGene 	-5.0
maxGene 	5.0
popSize 	50
maxEvaluations 	20000
mutateRate 	0.05
mutateChange 	0.01
seed 	1523820691699
random 	java.util.Random@6193b845
neuralNetworkClass 	class coursework.ExampleEvolutionaryAlgorithm
Training Set Training
Fitness 0.15964497889365753