0.7444353748598698,-2.894433518332791,-1.2279421663133219,-4.971486206100233,3.451255418704615,-1.405145412768905,-2.160031196040282,-1.8478808610061908,-0.3781973648714937,3.308158240919157,-4.059122720325801,4.7218017028504,-1.0806945266090522,1.2767080605763717,0.8965163448455988,0.8552988874508256,2.0575527923049264,3.412839833863881,-4.181727216429333,0.330556426043587,-3.4156558824820933,2.410207353427058,0.8232776921935572,4.751408248673946,4.384047758281213,-1.5091176130340895,4.16708651294938,1.9921282806007385,1.6892161700159105,-0.516630903257668,-3.1125819714155396,-1.190888843834862,-2.550712340647531,4.453001924513189,-1.3591886969587155,-4.815342255700274,-3.033052735017584,-0.8353953024212867,2.2143840605078253,2.7425236265975133,0.8041111684467772,-1.990036944760055,-2.0148918589809135,4.701020639723467,2.357114369054615,-3.9934037119493015,-2.8895368873465435,-0.22001140515446246
numHidden 	5
numGenes 	48
minGene 	-5.0
maxGene 	5.0
popSize 	50
maxEvaluations 	20000
mutateRate 	0.05
mutateChange 	0.01
seed 	1523820691699
random 	java.util.Random@6193b845
neuralNetworkClass 	class coursework.ExampleEvolutionaryAlgorithm
Training Set Training
Fitness 0.24719054422735356