-1.8083788503477611,-4.789654418397096,2.1405273631283688,-1.0414350876135616,3.0410698181406683,2.105862358774718,-4.412745109566528,-2.8188321755240366,1.0050980594583332,-4.723593551471495,-4.246851537165084,-0.7254581010669883,-4.063761852053219,2.9104088266354964,3.7540008961831433,-3.271858487980162,-0.4033797552821249,-4.154568396878742,4.719413483902282,1.4320578948279645,-0.20540304893325254,-0.2579277651863908,-2.4727223075340405,4.49011697219365,-1.1429396034236186,-0.9427206085034241,1.0451037864569224,-3.2533545322640864,0.2679162273115365,2.3565937032355038,-5.02248168761773,1.6156982704013734,-2.548226235206641,0.33952737697278373,3.1181098181779507,-4.862382020590909,-1.0678790192323402,-3.5503799225008494,-4.577662590211235,-3.7244814227831538,-0.5358072563424766,-0.07243212733834822,2.773111394032839,-4.912110248788554,-3.284135032571768,3.322434559775877,-3.828763007116077,-1.4013916931784303
numHidden 	5
numGenes 	48
minGene 	-5.0
maxGene 	5.0
popSize 	50
maxEvaluations 	20000
mutateRate 	0.05
mutateChange 	0.01
seed 	1523820691699
random 	java.util.Random@6193b845
neuralNetworkClass 	class coursework.ExampleEvolutionaryAlgorithm
Training Set Training
Fitness 0.10190637867293427