2.6627537708765696,-0.46615076423009233,0.4845764740589219,-4.823098601082293,-0.9034201805804898,-4.673028394438824,-3.114238737905511,-3.7232922794070795,1.8635597181341814,4.768640304498781,-2.0019977991844518,1.1734891176727267,-0.1460308008833733,-2.779399027620147,1.136909146528253,-1.3819440518215926,3.1509400340807625,-0.39825231627444835,-1.8768979941582742,-0.4608873198179455,5.075196175924385,2.0899790749351137,1.7925437875113606,4.292556656449832,-0.36057053433557623,-0.6589076149906782,-2.9070134708690927,3.122488034244638,-1.5376654409794754,3.60889010069562,1.992903480708648,-1.9092027177245765,-4.633711380687155,-1.6227876682686964,-4.0628435329970705,2.0185625516574,4.490164942185203,3.686565030399745,1.10167780663731,-2.628795866512226,-3.076211989461497,1.8878086330021877,0.8825382298425196,4.856723572571187,-3.284289172943115,4.2624649496050795,-4.565583736534313,1.6032983414845219
numHidden 	5
numGenes 	48
minGene 	-5.0
maxGene 	5.0
popSize 	50
maxEvaluations 	20000
mutateRate 	0.05
mutateChange 	0.01
seed 	1523820691699
random 	java.util.Random@6193b845
neuralNetworkClass 	class coursework.ExampleEvolutionaryAlgorithm
Training Set Training
Fitness 0.1395829694081321