1.9859692875078143,-0.09999414393875025,-0.6551385194746708,-2.4631648509303807,-2.9297220046025574,3.0439182425920284,-3.1374667127667566,3.3647907702620947,2.2676206267996935,3.5510115254647614,-4.412205037811467,-2.584460128416283,2.2863902437664523,2.8832871445638304,-3.2103624101721864,-1.1729752318393858,-4.522457830610146,-3.256723348249528,-2.3632587956480693,0.33540108102229405,0.741241756317533,-2.0301468061663055,4.013209037187906,4.801757508120715,4.643071757232998,4.56021074588252,1.0793828454505237,-1.4156971422263673,0.037569465062863,2.2290809240898146,4.761784769128493,2.330569771494686,-1.5620445668135672,3.7707880262947735,2.064073293580221,-4.451581776401795,-3.931226862304837,0.7033480011937643,-1.3103922597226747,4.7745859277357985,3.6511805168554865,-2.159537278779193,4.306442184467828,3.998073203637991,-1.9664950842599382,-3.572019084174209,-4.440619179922008,5.016517480051137
numHidden 	5
numGenes 	48
minGene 	-5.0
maxGene 	5.0
popSize 	50
maxEvaluations 	20000
mutateRate 	0.05
mutateChange 	0.01
seed 	1523820691699
random 	java.util.Random@6193b845
neuralNetworkClass 	class coursework.ExampleEvolutionaryAlgorithm
Training Set Training
Fitness 0.15821763931896876