2.330818228732973,-3.534613304706518,-3.0021078112380706,-4.808151151589064,3.7250487561420695,-1.806412787374753,-3.4116070433891634,2.282583003502132,-3.6580127241266016,-3.6963420723553235,-4.45004790984624,-3.2226021002173604,-0.3652616820343226,3.9438250584378656,-4.0474489852913615,-4.326014806602693,4.617061626254896,2.902812809975029,-1.3610939210126178,-2.3842022981144986,4.863595193046327,1.9126231949520849,-3.0584306527431813,1.391967080585654,-3.994824619756693,2.526539794703223,-0.01658749610608531,-4.982783605747921,0.3344229535437278,-0.9688380984182122,4.873559806533838,0.8296685468227699,4.252058061469155,0.34108403256160924,-1.3375969395132712,-3.425814834438084,-3.2967402526804737,-1.395889575972718,1.9504870039187758,-3.5641795510908167,-2.689688564229803,-3.3803021463993574,-2.84541798686658,-4.827935267086429,4.800806642534514,4.3723679571221705,1.3819461152027228,-0.03037394318571665
numHidden 	5
numGenes 	48
minGene 	-5.0
maxGene 	5.0
popSize 	50
maxEvaluations 	20000
mutateRate 	0.05
mutateChange 	0.01
seed 	1523820691699
random 	java.util.Random@6193b845
neuralNetworkClass 	class coursework.ExampleEvolutionaryAlgorithm
Training Set Training
Fitness 0.2247671502087335