-4.4806121160210255,-2.8042111196922384,-4.508205437494417,-2.46594974662667,-1.2764368677034756,-4.800608567945552,-3.3834626157093726,-2.031024319551902,-1.1295024866768018,-2.2846039828001583,-3.139494677595387,2.8327347523412563,4.693293360010778,2.0870627219356397,1.4897103972472125,-1.1129566090998673,4.1778631785799805,0.8983381065321849,-3.9361342076432115,-5.195831936153112,-1.8060266358666954,1.4317728716577016,2.0463202079773293,2.4747163035528112,1.4678476770180429,-3.286904628129358,-0.6261225624905489,-1.4630455585233846,-2.4837085749368564,-1.335188346701114,-3.5458279648162288,-2.8478338118058546,-4.1637838228994974,-1.35779270265556,-4.39230721787031,3.0640360892615335,0.7778108865300098,2.441968870199922,1.351578835877667,3.071151421303164,-0.3346891410082874,-1.394138755225163,1.789785095040278,-2.6042106056061547,-4.695481089188709,1.3753939670069628,2.985313862004339,-0.48965871490400154
numHidden 	5
numGenes 	48
minGene 	-5.0
maxGene 	5.0
popSize 	50
maxEvaluations 	20000
mutateRate 	0.05
mutateChange 	0.01
seed 	1523820691699
random 	java.util.Random@6193b845
neuralNetworkClass 	class coursework.ExampleEvolutionaryAlgorithm
Training Set Training
Fitness 0.1586805889049156