-2.754830278165548,-0.4947134281328661,1.144382471797253,4.933230512297077,3.0933401840792047,2.075095751897741,-3.40070599406698,3.1884254763531548,-1.580460720599481,-5.010360376887502,1.9281650203447818,2.553842478499581,3.8846872221661073,1.6931577814360108,-0.6925043750085389,1.6593338070385446,-2.8968766261490653,-0.8790977827681473,-3.374164526005707,-4.506233236654573,-1.9998416141083697,4.770481989572551,3.588935075508694,-3.8318906785516873,4.403679385110085,0.9701496891602592,1.4546766179758222,-4.001137795579103,-2.2325609523247985,0.9516388556341249,3.6445822826099086,-4.862063980821462,4.204622295913647,4.3067467840591425,4.471055306168856,4.850395678087966,3.3570349031628095,2.405307777652137,-2.851560678037927,-0.4821659003680483,-3.5471431272946665,2.7994840967488055,3.134886924309067,-2.8256675619318576,-4.384182101360917,4.4793810439948025,0.9035156456652303,-0.4593100776659934
numHidden 	5
numGenes 	48
minGene 	-5.0
maxGene 	5.0
popSize 	50
maxEvaluations 	20000
mutateRate 	0.05
mutateChange 	0.01
seed 	1523820691699
random 	java.util.Random@6193b845
neuralNetworkClass 	class coursework.ExampleEvolutionaryAlgorithm
Training Set Training
Fitness 0.16030718366874178