0.6818842361719897,0.051626064552917926,3.2083783735228613,-3.2965678944813464,1.417401120708964,0.6528984067000141,4.597521290274278,1.4170961634040968,1.24906716464484,-2.568733414400657,1.3015174454299636,-0.44522699044683833,-1.0306641592682153,-4.754284667365261,4.388345975294648,0.6594567516788719,2.66534447245144,3.326709496827002,4.503548673721665,-1.22422693233519,2.311563913702561,-1.3759490059400163,3.550472461897465,-3.6525985652321324,4.034638832198213,4.568352730201202,4.697233084117998,1.6083490960425284,4.472783721514622,-1.466990516216949,-2.439268767076686,3.0576680315407296,-4.979330754682014,4.810866855601585,3.8844368210736198,-1.0206058499137542,-1.295155769309049,2.4290736673013247,1.9327597361162447,2.3530991152870526,-1.3968577853563944,4.318830421662639,3.8826498353130625,3.119496290730416,-4.019569819206924,0.24155626565323707,1.433794362289966,-2.0756776185651047
numHidden 	5
numGenes 	48
minGene 	-5.0
maxGene 	5.0
popSize 	50
maxEvaluations 	20000
mutateRate 	0.05
mutateChange 	0.01
seed 	1523820691699
random 	java.util.Random@6193b845
neuralNetworkClass 	class coursework.ExampleEvolutionaryAlgorithm
Training Set Training
Fitness 0.1513871700496059