-4.930709462442785,3.5131917001015838,-0.8642376699908194,1.7139919425417431,1.9476125058327225,0.9511566840814349,4.786766426048942,4.424316641310813,2.816665227991038,-3.3552641535324663,-4.792888060056074,-3.628182148907303,-2.0812219518491397,2.6874697214909786,0.7311017301414796,4.858626373738414,-0.38422029686045267,4.240592155164558,0.002469456947586845,-4.073592893358903,3.157124471625151,-4.923659411978162,-2.457520538124567,-1.6973984879169044,3.238222091288478,-0.14590220362723083,-2.7982323591770664,-1.8482570804376297,-0.24669866711230226,-4.215197750512094,0.7834407882302441,4.2595445873620275,0.22330258453894233,-3.360556041101579,-3.208816055298096,1.41159817651414,-0.38445356902846406,-1.2881604683126155,3.9630752564740868,-0.020523890360328985,0.5828964128541418,2.8525403780562524,2.988945098906181,4.223911957707888,-0.062082467874647454,1.498582071553138,1.0454909850283043,2.9514681965248633
numHidden 	5
numGenes 	48
minGene 	-5.0
maxGene 	5.0
popSize 	50
maxEvaluations 	20000
mutateRate 	0.05
mutateChange 	0.01
seed 	1523817408750
random 	java.util.Random@6193b845
neuralNetworkClass 	class coursework.ExampleEvolutionaryAlgorithm
Training Set Training
Fitness 0.09309490269058635