-0.7444613348640143,-0.8799445103591425,3.457759833916666,3.203044328980909,-1.7324909663665558,3.021442360151759,-4.248469960857296,-2.9530355146112424,3.6743645715814806,2.1087149842138855,-4.206001282754094,-2.154289800425569,2.167999785768226,-4.845771726325326,0.3930055403111058,4.105150195413775,-4.749445614294109,-2.9554774624942217,4.593575999207993,-0.6082892407917739,-4.077619982301547,0.3174840125662245,3.9427682450379495,1.010318552916862,-4.550351475852434,-1.0042450503894602,1.4698865135137082,-0.5730970711211485,3.6656509515692406,-4.115522711815873,-2.947523744356886,-0.9109089097187847,4.092601731681826,-0.16508629082624882,4.2621327057728156,-4.209509625194121,1.138229662980106,0.7447820273898169,-2.0760283340346803,2.0055668565039806,2.8814940634248867,1.219313396995946,4.267663994095697,2.439667332966189,-0.09786982118150364,4.018500382394697,0.6872559406777102,3.3450964722503227
numHidden 	5
numGenes 	48
minGene 	-5.0
maxGene 	5.0
popSize 	50
maxEvaluations 	20000
mutateRate 	0.05
mutateChange 	0.01
seed 	1523817408750
random 	java.util.Random@6193b845
neuralNetworkClass 	class coursework.ExampleEvolutionaryAlgorithm
Training Set Training
Fitness 0.1104058450095064