-1.0222774284385576,1.3833431931931892,-2.5286697362217203,3.5543113765286356,-4.921719757911033,-2.1120463831357394,0.13713585081314678,0.7237966630347479,1.8396327472356024,-1.7348890808585595,0.38122603962392226,1.9686065690064867,-3.251303193373703,-2.629451861453187,-4.04002690642977,-2.408134384986823,5.019908766126449,4.762841868272946,1.9824943531209533,4.2902714084942986,-1.034854705797137,-3.291815538655034,-2.0122965015111025,1.5800127204528387,2.759084352004917,0.9843760869318255,1.926296410337255,3.904683357578369,1.8896603700453998,1.1830629697052193,2.4735884773208325,-0.5846354194374371,-3.3961439497242814,-4.110386067119224,-2.6900080768072905,4.900902244810454,3.3368023927379697,3.7390606104195987,1.1973594136168002,1.3476581528292817,-2.0077669964467506,2.9769504939176428,3.5284145839365064,3.390642782010057,2.8134609469242413,1.0912707384923874,-0.2510621218799039,-2.7727793618862133
numHidden 	5
numGenes 	48
minGene 	-5.0
maxGene 	5.0
popSize 	50
maxEvaluations 	20000
mutateRate 	0.05
mutateChange 	0.01
seed 	1523817408750
random 	java.util.Random@6193b845
neuralNetworkClass 	class coursework.ExampleEvolutionaryAlgorithm
Training Set Training
Fitness 0.10631725935179065