-4.9254422707532175,3.467624564887987,2.9849529872754292,1.9736311007067662,-3.4359630581516556,1.772510194212317,4.6623216030060695,1.9058152336677567,1.7339278456489347,-3.210765241211652,-0.9180707486315024,1.138677053876334,-2.883218716717886,-2.889133412674613,-0.7030717224235405,2.7114564455933987,0.9481136582129107,-1.2995099850820675,-1.250715109187143,-2.873273039388945,-0.459823449179573,-4.810707695348786,-1.3550359780042645,3.6222531548083676,2.871647113615611,-0.7741680654724244,-1.3834719402021707,-4.198061919180114,1.20968278145145,-0.08992377824670604,-2.1509270780624616,0.17024300501508943,5.124955957313249,-3.483370580939732,-4.904651323703479,2.431480337040553,3.905690898993449,4.727752246919884,-1.011528047713065,3.8664917848121263,3.0673146133972433,2.907361290742273,0.13100693790552217,-0.07083534855716675,-3.7475769143322277,1.6628126970870782,-0.7211606282345775,0.8581851461158686
numHidden 	5
numGenes 	48
minGene 	-5.0
maxGene 	5.0
popSize 	50
maxEvaluations 	20000
mutateRate 	0.05
mutateChange 	0.01
seed 	1523817408750
random 	java.util.Random@6193b845
neuralNetworkClass 	class coursework.ExampleEvolutionaryAlgorithm
Training Set Training
Fitness 0.10911632738321073