-0.6875254903425935,-3.2498941209099903,-4.87363129031391,-2.1256851083719033,-4.974227176678184,3.187097901347225,2.2629914677030416,-4.571198278775108,-1.5840269517913323,-4.334960625662258,-4.018233319068735,0.634846068946232,-1.5701279951365419,-4.303930867028232,-0.31815511651993467,0.6595030638255225,4.426031231472989,0.24203480253843387,4.2448750056740625,-4.310026486543997,-1.9909270961100805,-2.418538423467488,-1.3238364130366487,-2.494856345203305,-1.6573112623699882,-2.061718686958553,1.6378743960891822,-4.10873160753,-0.7230627215961556,3.425291701718038,-4.607789021270082,0.142888553158916,3.979408487545362,-0.6928421208074821,-0.010371103093686213,3.313146553580436,2.7898969199933408,-1.3825245136950133,-1.4816277071896653,-2.38481689139689,-3.72444559728096,1.1259794654589008,-4.92671158305744,1.605715225142993,-2.008963697691551,2.8999281625875577,1.957061957789488,2.0979600321877117
numHidden 	5
numGenes 	48
minGene 	-5.0
maxGene 	5.0
popSize 	50
maxEvaluations 	20000
mutateRate 	0.05
mutateChange 	0.01
seed 	1523817408750
random 	java.util.Random@6193b845
neuralNetworkClass 	class coursework.ExampleEvolutionaryAlgorithm
Training Set Training
Fitness 0.11112224319638554