1.7406825515992201,-2.068777686614584,2.5182034320294693,2.0713519999177263,2.085358302285784,-2.621308683527135,-4.394078014749289,4.221377915663641,2.9031700641900366,4.646277389677431,-1.4274023275501992,3.1681946882546796,3.0901718448530224,1.1141316528104868,2.944500223411766,-1.7825138645160983,-3.6686025017104984,-1.9087350222790407,-0.5486248313905292,1.8833614501901033,3.291061484229504,2.2143384518617384,4.4165868518141895,-0.8240690618546392,-3.8409705345651104,0.2226631511239428,1.1163054650918316,3.1065923001831126,-4.824380664592559,-0.3866701565998598,4.281111969356503,-4.010549080318999,-2.9354000984949127,3.1874877402937023,-1.9739039654168842,-3.098622817031825,2.9960465774242677,-4.0535039434214895,1.456394027377698,-0.4524925625609917,-4.769670089336374,-0.857343070348731,-4.17979226748334,-4.638803189967602,0.8002964472958085,2.936634269827122,2.6127405170455478,0.6394683664884802
numHidden 	5
numGenes 	48
minGene 	-5.0
maxGene 	5.0
popSize 	50
maxEvaluations 	20000
mutateRate 	0.05
mutateChange 	0.01
seed 	1523817408750
random 	java.util.Random@6193b845
neuralNetworkClass 	class coursework.ExampleEvolutionaryAlgorithm
Training Set Training
Fitness 0.10107073070114783