1.7246601629662361,4.330005565239537,3.0093184278021368,2.5253985575147677,-2.478559498871252,3.8605003384652883,3.6083492039592744,-3.0561554636594024,4.2575015028392045,1.48222466951827,3.161549053142595,2.5994271752962024,3.0549651415941645,-3.0853742724620608,-2.282410292453245,0.018628353426919195,3.209942841376287,-2.2987009479889857,0.4109743238052963,0.48677914249471205,-0.11780503801901844,0.17887682836645802,4.904608806506067,-3.639877032663436,-1.2407554990622534,-3.7555430256360225,-2.948612807934829,-2.225784414023144,-1.5297281788126245,2.5842268108267707,-4.632739581203827,-0.09246683362071101,2.319435692338835,3.804339035746203,1.9699900896838993,1.986983746883188,4.774527418940563,-0.14152192963100296,-2.866086852886586,-3.4344188465970067,1.8719606244760536,3.0799694254206518,2.360225229538892,4.692741018794463,3.095939837298159,4.20023948591636,3.0457646174895348,0.4951620115008274
numHidden 	5
numGenes 	48
minGene 	-5.0
maxGene 	5.0
popSize 	50
maxEvaluations 	20000
mutateRate 	0.05
mutateChange 	0.01
seed 	1523817408750
random 	java.util.Random@6193b845
neuralNetworkClass 	class coursework.ExampleEvolutionaryAlgorithm
Training Set Training
Fitness 0.12193270728005956