-0.529660951410431,-0.05037370528459319,-1.9008081096249634,0.8664896057754126,1.729515486710123,-3.772280711138463,-0.6326381260582923,-4.997115076301765,2.0347775375324355,3.3142027381567445,0.580721128926146,-2.2653332521654583,1.7912808758018455,3.3052731218264237,-2.682856839470268,-0.4869198501086306,-1.2684580051279617,-3.8610690558455096,-3.172177124257169,-1.426489979879831,4.979652477402343,-0.03226924653644862,3.0557421211214977,-4.61654373237135,-0.4063188547367306,1.006557881473405,3.089741063566144,1.5600086570721994,4.735985989754491,4.942000384120763,2.8063016382952246,-1.3424601602465513,-4.6564715685018925,4.584715528060778,-1.3188129692125397,-0.1348245161207716,3.330425219038806,0.22226926182514417,0.9636838189736215,3.302624462269179,4.534055082020154,3.6051344032275954,-3.6112170072252514,3.560428612843374,3.5941240625981594,-0.5221327930470836,-1.5567698447507823,-4.053455858553343
numHidden 	5
numGenes 	48
minGene 	-5.0
maxGene 	5.0
popSize 	50
maxEvaluations 	20000
mutateRate 	0.05
mutateChange 	0.01
seed 	1523817408750
random 	java.util.Random@6193b845
neuralNetworkClass 	class coursework.ExampleEvolutionaryAlgorithm
Training Set Training
Fitness 0.11901301974151664