3.5440913228753463,3.3236467635095077,4.944747661114299,-4.86557228901062,-3.70490527812111,2.96951710320536,-1.378920973943893,-4.446044063764228,-1.7097783924227798,-0.7561473515110535,0.3684080993289398,-0.9518724291900001,3.9335143431803585,1.7809519811734755,-1.168048549724961,4.5796442982501,-2.517878733813631,-4.935331581091744,2.7936673043943787,2.6964722228049522,4.008768201088163,-0.025664033726387186,1.389929563338354,2.308451284478953,-4.339002139818538,-1.1287141517505719,-0.026977278473888838,-0.09622906833207873,-0.985925983206829,3.154350049584247,3.0175925626532654,-4.4720719650669665,4.952940457068906,4.392242614254798,1.6508192799122163,1.1289761561875775,4.558750268327704,-4.282694577216778,-3.922219644166434,4.172590515818365,3.0677897159564846,3.0156514179761222,-0.09844177829391239,-2.2346806224328004,2.4043045181229625,-4.111394300780564,1.9419765931087682,1.7664786193888304
numHidden 	5
numGenes 	48
minGene 	-5.0
maxGene 	5.0
popSize 	50
maxEvaluations 	20000
mutateRate 	0.05
mutateChange 	0.01
seed 	1523817408750
random 	java.util.Random@6193b845
neuralNetworkClass 	class coursework.ExampleEvolutionaryAlgorithm
Training Set Training
Fitness 0.03337286023001794