3.048049232869007,-2.179305210064465,-1.2188922100592892,1.286204473245139,-4.777812378468205,-2.1052945192152843,-0.05189436431009879,3.1175722144415836,-4.705055787303172,-0.5089103939705926,0.9207158021324667,-0.6886235409742042,2.8216322989962896,-1.7540006773572365,-1.6384792813098523,-1.7317810719088396,4.198875771339519,1.2852799128495542,0.3805939717878939,3.4942069616110527,-1.987692182777805,-0.4581261169949044,-2.7751116919758827,4.820655528133684,-3.0256891983676115,2.4049901095648205,-1.4547084597125883,-4.3985064465620844,1.6497343621044418,2.6908400144971,-1.0713240672580606,-4.279622222629068,-4.607008942158,-3.5131541112115983,-3.247380508787908,-1.938662771378143,-1.4887550835467693,-2.6776810953848154,-2.653132070565742,0.8423324378286025,1.0559373176472153,-3.729550927470391,2.739634286857564,4.869594970420011,1.1289521222026322,3.4145763231901354,1.1900200970229415,1.301362947439342
numHidden 	5
numGenes 	48
minGene 	-5.0
maxGene 	5.0
popSize 	50
maxEvaluations 	20000
mutateRate 	0.05
mutateChange 	0.01
seed 	1523817408750
random 	java.util.Random@6193b845
neuralNetworkClass 	class coursework.ExampleEvolutionaryAlgorithm
Training Set Training
Fitness 0.1198015237715042