-4.106377917613887,-3.392532278828372,2.4202375914694763,-1.0070424526114286,1.6692311323593327,1.8197739841665204,-5.216194117333918,1.1985358287756003,5.298547184223787,-5.955699223053786,-3.707626142187452,-3.744145959418777,5.375591135863523,-3.6417911309474316,-2.577623861955964,-3.0846914247488524,5.576423259628806,0.8978450921988813,2.9278893572910727,-1.7454955653532913,-1.7825690411729602,4.87015833502535,0.4324576960989833,0.06909339338990272,5.4174505738827285,-5.615839715674671,-0.5487506933505811,0.09380226037088923,-0.29217004515463807,1.2396076729588006,-2.9973145370796845,-4.83008425787359,-4.044764869039415,5.383901769570724,2.8206393240680163,-3.66942724174604,8.245213916217692,0.18453185747738465,1.59275506582641,-7.707204527254933,2.9202302344730064,6.163219684675046,-2.9726152954832887,-4.174734519545475,-2.7259169224720203,-1.2007558286953048,-0.30889351972717505,-2.4965744872729254
numHidden 	5
numGenes 	48
minGene 	-5.0
maxGene 	5.0
popSize 	200
maxEvaluations 	20000
mutateRate 	0.2
mutateChange 	0.6
seed 	1523903091212
random 	java.util.Random@6193b845
neuralNetworkClass 	class coursework.ExampleEvolutionaryAlgorithm
tournamentSize 	16
Training Set Training
Fitness 0.0060922046183799075