-1.9123452703552544,-3.719988112172796,3.795229529212843,0.6649192497252029,-3.4549801076158917,1.1938683696725891,2.591746027230404,4.846959242969865,0.04355983407660813,4.124629884780214,-0.4135935957351903,-1.9038406544444522,-3.1119922231604233,4.428080135157163,0.3463785356132314,-1.2227786536021412,5.068639617044487,6.317648032631311,0.9685198930345118,0.9528828711547931,4.032262842754044,-1.6754134057039534,-1.1690765459993249,-3.572356342988701,2.39165242898704,5.921944276365712,-0.1477221312498609,-0.48310954471687884,1.2142205104381523,4.000867240318637,1.6117388148329361,0.8809288062470008,-2.704848014297418,-3.844653062495746,6.177714908328002,4.6122681931960745,0.5472014475282784,-0.338390706935496,6.552168820844802,-2.324169141411638,-3.271212123982213,-4.369086724210009,0.8577450215612382,-0.2244210955244511,0.7839905067780669,-5.5303854205114895,2.3782291275049494,7.157391123097559
numHidden 	5
numGenes 	48
minGene 	-5.0
maxGene 	5.0
popSize 	200
maxEvaluations 	20000
mutateRate 	0.2
mutateChange 	0.6
seed 	1523903091212
random 	java.util.Random@6193b845
neuralNetworkClass 	class coursework.ExampleEvolutionaryAlgorithm
tournamentSize 	16
Training Set Training
Fitness 0.04307762791404318