7.229008439861946,-1.119970057680539,0.5463502567709814,1.8711805201694292,5.771479914745067,2.2946151292860106,-2.644847634891212,2.3201500512327424,-5.342246880390944,0.19015060547291118,2.770664487512386,-2.669070869613757,8.956365700592526,0.5291087005751095,-1.5400391012043815,1.298487518723578,6.6447170954320445,-6.125776460985356,-0.6324081435788186,-4.887465421799026,1.3973830935804572,-3.8790067443467575,-5.495918263594974,6.378504558010171,-4.414507650733384,-1.4869168478731356,-6.325257764969258,-0.6162434928418677,-0.3253204129070155,-2.9393324038561257,4.63338893216514,-1.7785953556286378,0.9063908282043399,1.6946294828955435,2.8990513017328636,5.603331856344082,3.857085219453914,-3.7850686888264735,-1.5602020552143343,-2.2744141949410914,3.7921430043328037,-5.670639335739888,-2.3936993430652143,-2.9065081492921667,-6.933946889030201,4.629246452035604,-2.3112141761753815,0.2704594571743455
numHidden 	5
numGenes 	48
minGene 	-5.0
maxGene 	5.0
popSize 	200
maxEvaluations 	20000
mutateRate 	0.2
mutateChange 	0.6
seed 	1523903091212
random 	java.util.Random@6193b845
neuralNetworkClass 	class coursework.ExampleEvolutionaryAlgorithm
tournamentSize 	16
Training Set Training
Fitness 0.03697090564796674