4.079857856392308,0.29653773829892516,-1.1681825339699525,-4.096102067656038,-1.4956595650589826,-1.110479360259423,-4.982325507888016,3.370628800827036,0.8107432491894118,-3.874825739518236,-0.6352258079153822,-4.056442408665456,-3.0834614835327763,-4.166516338985605,-0.7896402498885348,6.881479752708241,-0.1010493579525853,-2.020480245574613,-0.515036993015083,-0.11050022705715534,-1.9236003179961063,3.7861623295903875,-3.155496221545427,-3.7591561091815042,3.313429002992785,-4.159229043329552,-4.975829317428669,1.3444424314175882,1.3044021419172895,0.42204791278295695,-1.9991854525934865,3.3962848914737096,2.3072692974219096,1.2649731789534866,-3.377151379920981,0.740435298008333,1.9272234352498478,3.4758395286613033,2.4514201234376025,-6.934006916211775,0.09107416348029251,0.3160492294012158,-6.146119395137972,-1.2208298642140383,-2.2933088463699947,1.8924780946605027,3.500346933162596,1.2150462554875978
numHidden 	5
numGenes 	48
minGene 	-5.0
maxGene 	5.0
popSize 	200
maxEvaluations 	20000
mutateRate 	0.2
mutateChange 	0.6
seed 	1523903091212
random 	java.util.Random@6193b845
neuralNetworkClass 	class coursework.ExampleEvolutionaryAlgorithm
tournamentSize 	16
Training Set Training
Fitness 0.07365813287071109