0.6397347653673747,4.12295912288851,-2.157738595021731,-5.226698460514861,-1.2019369686879986,5.436617443205504,3.339457048539537,6.774939571995544,-2.379557142888475,2.953319426340313,0.5463631119762079,2.99013487130378,1.288128320839637,5.706750364072172,-8.588317318661586,-5.270955378678792,6.568401019081108,0.011420354926251486,-2.459254373252324,-3.2355739173571765,-4.948597414434203,2.4923042585834323,-6.338840945447512,-2.2348491900718104,1.74511952014905,-0.003300336823605532,-0.20113513704938057,0.16404506811408326,-3.8574986276845764,-0.8628578553778202,-1.3759121161943453,-2.812786563573758,5.643826680137568,6.173986742690026,-3.3979462820134,4.188022749261937,1.299078564510317,1.918521879371263,5.87123704960549,0.6574379694555007,-1.1707756867744128,4.922259087813346,-1.2276975163690342,5.123419262912053,-1.0080552162842875,-1.3847031166714832,1.4637805583807841,4.00559926822961
numHidden 	5
numGenes 	48
minGene 	-5.0
maxGene 	5.0
popSize 	200
maxEvaluations 	20000
mutateRate 	0.2
mutateChange 	0.6
seed 	1523903091212
random 	java.util.Random@6193b845
neuralNetworkClass 	class coursework.ExampleEvolutionaryAlgorithm
tournamentSize 	16
Training Set Training
Fitness 0.007420581424181104