-5.8541213112289014,1.3388869622084076,-3.8146612875864707,0.43560005738575625,-2.223019010225556,-4.378214567813272,4.688641153894252,4.702333559601886,-7.44364799503515,-3.3542477530243957,-0.2726556796732035,4.098984000883589,1.7646877116042172,-0.28273322513160715,1.4777013510653427,-1.9994548395199527,-3.4515076249161765,4.555726603451683,-3.1287062061408157,-3.2989753494951355,-1.0076033787026502,2.0951385507302973,-4.824546484289522,4.516718244008531,2.6170149684669792,-1.0486445264726227,4.253872419499683,-7.416645634848663,1.2468893193733757,1.7631715660232516,1.2615096532473613,3.2603083525906067,0.1153222716877067,-0.3465197390230855,0.5064275047464718,1.1992208329952074,-5.392317207205303,-3.1929092265751664,-3.5977974805339943,-3.6090015078506004,-1.007984880899194,-4.375316732188387,1.6380677131062082,2.4743126131534123,-4.154434309514968,3.087784363584629,5.709968466800991,-3.5296426439534394
numHidden 	5
numGenes 	48
minGene 	-5.0
maxGene 	5.0
popSize 	200
maxEvaluations 	20000
mutateRate 	0.2
mutateChange 	0.6
seed 	1523903091212
random 	java.util.Random@6193b845
neuralNetworkClass 	class coursework.ExampleEvolutionaryAlgorithm
tournamentSize 	16
Training Set Training
Fitness 0.12637556663869068