3.5873706176319717,-2.6634713554996794,2.7191989384598236,4.157082350218754,-5.571598456857714,2.3446893249527214,-4.698648060272311,-5.161909704948881,-5.628749678420332,-2.7263505317883365,3.0159987613192194,-1.8721720253160452,7.650947712419492,5.335494160124419,-0.4330956452357825,1.5651760904308896,1.7545252608822288,1.1448357785342433,-5.792282775275632,0.08721678069635774,-0.37303746502452184,2.8439192350617386,-0.9791919415201288,3.2099879424157285,3.6586629257462095,-0.3999112742063786,2.345270265934548,0.32369850295844205,-0.2922105689545653,6.0067852841884015,6.507608892057798,3.054075098442232,1.3643102476689757,-4.161622977421086,-3.8815880955585027,-4.233096610839019,1.428615197519206,-0.15923304143499073,4.320563634553199,5.330718886026192,2.7560866368851653,-6.416130850246084,5.909323715279347,0.20298969333047734,4.4100142318562305,1.0586747723388767,6.991862616972561,-2.6319727254382
numHidden 	5
numGenes 	48
minGene 	-5.0
maxGene 	5.0
popSize 	200
maxEvaluations 	20000
mutateRate 	0.2
mutateChange 	0.6
seed 	1523903091212
random 	java.util.Random@6193b845
neuralNetworkClass 	class coursework.ExampleEvolutionaryAlgorithm
tournamentSize 	16
Training Set Training
Fitness 0.10412426994576271