-6.910530001229477,2.9094235457495277,0.04015706308622291,-2.4721539459303075,-4.58269404556746,4.047593866897203,4.290281190464446,1.4715766955396594,-5.058051365269827,-2.145545693181297,-4.33525764955045,3.8295224032534114,-1.5854251606166225,3.428441873099094,-0.47124516644006686,4.612426313385863,2.3190635498076557,1.6430525211081806,-2.3049671760051385,1.4765206487510496,-2.2787427354878154,-5.301380026998148,-2.4114569399539123,-3.3332763768806655,-5.039656039819624,0.9340070644920618,0.6780484815138355,-4.249877055389417,5.4622605679384115,4.818435124521395,-6.020474122195322,-0.49451224281747097,5.158523344919381,5.612822990225866,-2.8036778086277208,4.309926590784842,2.8099165672936777,0.4716399318024139,-5.966835795033271,0.4517147831823599,-4.8370237468374215,-3.8495773178060206,-1.7940877827451969,3.398693222271534,-7.491768581682106,4.990748202483312,3.866209905638643,0.16453688348750872
numHidden 	5
numGenes 	48
minGene 	-5.0
maxGene 	5.0
popSize 	200
maxEvaluations 	20000
mutateRate 	0.2
mutateChange 	0.6
seed 	1523903091212
random 	java.util.Random@6193b845
neuralNetworkClass 	class coursework.ExampleEvolutionaryAlgorithm
tournamentSize 	16
Training Set Training
Fitness 0.03261918958415813