-1.715070617092664,2.8124317397017524,-0.5724493429241148,1.9761893512663353,-3.61079396066538,-3.8526314399427872,-1.796371922589595,-1.0477542283235715,0.9812200115178237,1.6836425394253727,0.8966136340693422,6.987164918552271,-0.8014006524884181,2.1998770785720634,-0.5042537753376931,-0.35563788416194575,-6.311383557479778,1.530894725116795,5.855437256474919,5.46301538466759,4.540333021028607,-1.5943229638830703,2.9358762153724296,2.2450964436316903,1.0951672284191765,0.2864953213005894,0.9595659444901244,7.497335071724306,-0.9405660460430535,0.16293239212540622,0.35596845276419786,-0.6117118036159416,-4.232205057043165,0.520536440134909,-4.101916742122134,-4.797052768580491,-1.415553436130978,0.9823597274247436,5.678917415435295,1.3120802693311597,6.879265656568322,2.6126537307291846,-0.6675481359058505,0.32077971339822764,3.179023230964268,1.9755041355565393,4.772844196557877,-0.2795576443334953
numHidden 	5
numGenes 	48
minGene 	-5.0
maxGene 	5.0
popSize 	200
maxEvaluations 	20000
mutateRate 	0.2
mutateChange 	0.6
seed 	1523903091212
random 	java.util.Random@6193b845
neuralNetworkClass 	class coursework.ExampleEvolutionaryAlgorithm
tournamentSize 	16
Training Set Training
Fitness 0.014008018925211703