-6.772220164546558,1.6116449030463662,-0.6662175905566051,-0.5909973333427875,2.0780192280670478,2.867781059494948,0.6151445823102797,2.7574542911887807,5.263941393740595,-4.6846019287450185,-2.6641832000678694,1.3285570224574865,4.3944328988543395,-3.5168469638052398,3.4238999272430166,-0.4857833097263323,-3.0805549822793936,3.444430623469314,1.9798030547848136,-2.1005646825074082,-2.0451868722213993,-1.0674252522546865,-2.853818470144779,-1.5744749601825938,5.016667176332561,2.523018763031613,-6.143113346255544,0.7119444349969681,-2.905399244185719,-4.999366882575563,-3.204939374092022,5.55762515478189,-2.139665047465424,1.8263182710046606,-2.160651235221108,-0.7303993407816215,-2.761300910871707,2.975073360727753,2.0885212717669024,-1.9437938252227833,-5.139676038928284,5.538468343482865,-3.771370175763533,1.6740706619486008,-2.9294767537542246,2.767660321215178,3.3431505643834996,1.8325753328858276
numHidden 	5
numGenes 	48
minGene 	-5.0
maxGene 	5.0
popSize 	200
maxEvaluations 	20000
mutateRate 	0.2
mutateChange 	0.6
seed 	1523903091212
random 	java.util.Random@6193b845
neuralNetworkClass 	class coursework.ExampleEvolutionaryAlgorithm
tournamentSize 	16
Training Set Training
Fitness 0.12057872072571536